schema_version,case_id,occupancy_id,seed_index,phase_batch_seed,time,component,mean,standard_error,particle_half_bound,critical_value,simultaneous_lower,simultaneous_upper,cell_reject
haxs.stage5c2gR32.batch-statistics.v1,limit_spin_density_zero_rect2x3,rect2x3_hole_2,500,3002433821,0.0,Sx,2.5,0.0,2.5,3.9628056733104815,2.5,2.5,False
haxs.stage5c2gR32.batch-statistics.v1,limit_spin_density_zero_rect2x3,rect2x3_hole_2,500,3002433821,0.0,Sy,-0.0361328125,0.03377030065190534,2.5,3.9628056733104815,-0.16995795151277113,0.09769232651277113,False
haxs.stage5c2gR32.batch-statistics.v1,limit_spin_density_zero_rect2x3,rect2x3_hole_2,500,3002433821,0.0,Sz,-0.0263671875,0.03480906088745303,2.5,3.9628056733104815,-0.16430873146740885,0.11157435646740885,False
haxs.stage5c2gR32.batch-statistics.v1,limit_spin_density_zero_rect2x3,rect2x3_hole_2,500,3002433821,0.031818181818181815,Sx,2.4990831536134532,0.00048462155604105973,2.5,3.9628056733104815,2.497162692561765,2.5010036146651413,False
haxs.stage5c2gR32.batch-statistics.v1,limit_spin_density_zero_rect2x3,rect2x3_hole_2,500,3002433821,0.031818181818181815,Sy,-0.03525508450967269,0.03378468541757621,2.5,3.9628056733104815,-0.1691372275534536,0.09862705853410822,False
haxs.stage5c2gR32.batch-statistics.v1,limit_spin_density_zero_rect2x3,rect2x3_hole_2,500,3002433821,0.031818181818181815,Sz,-0.02636718750000875,0.03480906088745739,2.5,3.9628056733104815,-0.16430873146743485,0.11157435646741737,False
haxs.stage5c2gR32.batch-statistics.v1,limit_spin_density_zero_rect2x3,rect2x3_hole_2,500,3002433821,0.06363636363636363,Sx,2.4976295246647173,0.0009644624602772764,2.5,3.9628056733104815,2.4938075473554355,2.501451501973999,False
haxs.stage5c2gR32.batch-statistics.v1,limit_spin_density_zero_rect2x3,rect2x3_hole_2,500,3002433821,0.06363636363636363,Sy,-0.03440196532969796,0.03381894012457418,2.5,3.9628056733104815,-0.16841985312070804,0.0996159224613121,False
haxs.stage5c2gR32.batch-statistics.v1,limit_spin_density_zero_rect2x3,rect2x3_hole_2,500,3002433821,0.06363636363636363,Sz,-0.026367187500031253,0.034809060887466325,2.5,3.9628056733104815,-0.16430873146749278,0.11157435646743027,False
haxs.stage5c2gR32.batch-statistics.v1,limit_spin_density_zero_rect2x3,rect2x3_hole_2,500,3002433821,0.09545454545454544,Sx,2.49564754024521,0.0014385313865964606,2.5,3.9628056733104815,2.48994691990517,2.5013481605852497,False
haxs.stage5c2gR32.batch-statistics.v1,limit_spin_density_zero_rect2x3,rect2x3_hole_2,500,3002433821,0.09545454545454544,Sy,-0.03357731517554833,0.0338729631089335,2.5,3.9628056733104815,-0.16780928555546665,0.10065465520437,False
haxs.stage5c2gR32.batch-statistics.v1,limit_spin_density_zero_rect2x3,rect2x3_hole_2,500,3002433821,0.09545454545454544,Sz,-0.026367187500067134,0.034809060887479815,2.5,3.9628056733104815,-0.16430873146758213,0.11157435646744784,False
haxs.stage5c2gR32.batch-statistics.v1,limit_spin_density_zero_rect2x3,rect2x3_hole_2,500,3002433821,0.12727272727272726,Sx,2.4931482425772677,0.0019059822316376414,2.5,3.9628056733104815,2.485595205376505,2.5007012797780304,False
haxs.stage5c2gR32.batch-statistics.v1,limit_spin_density_zero_rect2x3,rect2x3_hole_2,500,3002433821,0.12727272727272726,Sy,-0.03278465335352875,0.03394656822264308,2.5,3.9628056733104815,-0.16730830649564007,0.10173899978858256,False
haxs.stage5c2gR32.batch-statistics.v1,limit_spin_density_zero_rect2x3,rect2x3_hole_2,500,3002433821,0.12727272727272726,Sz,-0.026367187500115664,0.03480906088749754,2.5,3.9628056733104815,-0.1643087314677009,0.11157435646746958,False
haxs.stage5c2gR32.batch-statistics.v1,limit_spin_density_zero_rect2x3,rect2x3_hole_2,500,3002433821,0.15909090909090906,Sx,2.490145228603981,0.002366124133825776,2.5,3.9628056733104815,2.4807687384626993,2.499521718745263,False
haxs.stage5c2gR32.batch-statistics.v1,limit_spin_density_zero_rect2x3,rect2x3_hole_2,500,3002433821,0.15909090909090906,Sy,-0.03202710385904241,0.034039486417456626,2.5,3.9628056733104815,-0.16691897375071463,0.1028647660326298,False
haxs.stage5c2gR32.batch-statistics.v1,limit_spin_density_zero_rect2x3,rect2x3_hole_2,500,3002433821,0.15909090909090906,Sz,-0.026367187500175707,0.034809060887519165,2.5,3.9628056733104815,-0.16430873146784664,0.11157435646749524,False
haxs.stage5c2gR32.batch-statistics.v1,limit_spin_density_zero_rect2x3,rect2x3_hole_2,500,3002433821,0.1909090909090909,Sx,2.486654555242366,0.0028184265000601484,2.5,3.9628056733104815,2.475485678718119,2.497823431766613,False
haxs.stage5c2gR32.batch-statistics.v1,limit_spin_density_zero_rect2x3,rect2x3_hole_2,500,3002433821,0.1909090909090909,Sy,-0.03130734498541656,0.03415136810088485,2.5,3.9628056733104815,-0.16664258024691767,0.10402789027608453,False
haxs.stage5c2gR32.batch-statistics.v1,limit_spin_density_zero_rect2x3,rect2x3_hole_2,500,3002433821,0.1909090909090909,Sz,-0.0263671875002457,0.034809060887544284,2.5,3.9628056733104815,-0.16430873146801617,0.11157435646752478,False
haxs.stage5c2gR32.batch-statistics.v1,limit_spin_density_zero_rect2x3,rect2x3_hole_2,500,3002433821,0.22272727272727272,Sx,2.4826946070704325,0.00326251919626437,2.5,3.9628056733104815,2.469765877490192,2.4956233366506733,False
haxs.stage5c2gR32.batch-statistics.v1,limit_spin_density_zero_rect2x3,rect2x3_hole_2,500,3002433821,0.22272727272727272,Sy,-0.03062756378619706,0.03428178630581868,2.5,3.9628056733104815,-0.16647962105011288,0.10522449347771877,False
haxs.stage5c2gR32.batch-statistics.v1,limit_spin_density_zero_rect2x3,rect2x3_hole_2,500,3002433821,0.22272727272727272,Sz,-0.026367187500323835,0.03480906088757216,2.5,3.9628056733104815,-0.16430873146820477,0.1115743564675571,False
haxs.stage5c2gR32.batch-statistics.v1,limit_spin_density_zero_rect2x3,rect2x3_hole_2,500,3002433821,0.2545454545454545,Sx,2.4782859245729143,0.003698188216761992,2.5,3.9628056733104815,2.4636307233265597,2.492941125819269,False
haxs.stage5c2gR32.batch-statistics.v1,limit_spin_density_zero_rect2x3,rect2x3_hole_2,500,3002433821,0.2545454545454545,Sy,-0.029989416376586264,0.03443024071031062,2.5,3.9628056733104815,-0.16642976959685066,0.10645093684367814,False
haxs.stage5c2gR32.batch-statistics.v1,limit_spin_density_zero_rect2x3,rect2x3_hole_2,500,3002433821,0.2545454545454545,Sz,-0.026367187500408167,0.034809060887602175,2.5,3.9628056733104815,-0.16430873146840805,0.1115743564675917,False
haxs.stage5c2gR32.batch-statistics.v1,limit_spin_density_zero_rect2x3,rect2x3_hole_2,500,3002433821,0.2863636363636363,Sx,2.4734509925934534,0.004125367296984945,2.5,3.9628056733104815,2.4571029636644717,2.489799021522435,False
haxs.stage5c2gR32.batch-statistics.v1,limit_spin_density_zero_rect2x3,rect2x3_hole_2,500,3002433821,0.2863636363636363,Sy,-0.029393995183361634,0.034596162520773334,2.5,3.9628056733104815,-0.16649186429545365,0.10770387392873038,False
haxs.stage5c2gR32.batch-statistics.v1,limit_spin_density_zero_rect2x3,rect2x3_hole_2,500,3002433821,0.2863636363636363,Sz,-0.026367187500496575,0.03480906088763375,2.5,3.9628056733104815,-0.16430873146862157,0.11157435646762842,False
haxs.stage5c2gR32.batch-statistics.v1,limit_spin_density_zero_rect2x3,rect2x3_hole_2,500,3002433821,0.3181818181818181,Sx,2.468213990228812,0.0045441260708931515,2.5,3.9628056733104815,2.450206501654838,2.4862214788027854,False
haxs.stage5c2gR32.batch-statistics.v1,limit_spin_density_zero_rect2x3,rect2x3_hole_2,500,3002433821,0.3181818181818181,Sy,-0.028841804323957727,0.03477892019136246,2.5,3.9628056733104815,-0.16666390656990132,0.10898029792198588,False
haxs.stage5c2gR32.batch-statistics.v1,limit_spin_density_zero_rect2x3,rect2x3_hole_2,500,3002433821,0.3181818181818181,Sz,-0.02636718750058728,0.03480906088766601,2.5,3.9628056733104815,-0.16430873146884015,0.11157435646766559,False
haxs.stage5c2gR32.batch-statistics.v1,limit_spin_density_zero_rect2x3,rect2x3_hole_2,500,3002433821,0.35,Sx,2.4626005049592496,0.004954655489975188,2.5,3.9628056733104815,2.442966168074277,2.4822348418442224,False
haxs.stage5c2gR32.batch-statistics.v1,limit_spin_density_zero_rect2x3,rect2x3_hole_2,500,3002433821,0.35,Sy,-0.028332744284243722,0.034977825898862495,2.5,3.9628056733104815,-0.16694307119632232,0.11027758262783487,False
haxs.stage5c2gR32.batch-statistics.v1,limit_spin_density_zero_rect2x3,rect2x3_hole_2,500,3002433821,0.35,Sz,-0.026367187500678176,0.03480906088769844,2.5,3.9628056733104815,-0.16430873146905953,0.11157435646770317,False
haxs.stage5c2gR32.batch-statistics.v1,limit_spin_density_zero_rect2x3,rect2x3_hole_2,500,3002433821,0.3818181818181818,Sx,2.456637215258423,0.005357251302828097,2.5,3.9628056733104815,2.4354074694022256,2.47786696111462,False
haxs.stage5c2gR32.batch-statistics.v1,limit_spin_density_zero_rect2x3,rect2x3_hole_2,500,3002433821,0.3818181818181818,Sy,-0.027866106949426206,0.035192142633197546,2.5,3.9628056733104815,-0.1673257294322131,0.1115935155333607,False
haxs.stage5c2gR32.batch-statistics.v1,limit_spin_density_zero_rect2x3,rect2x3_hole_2,500,3002433821,0.3818181818181818,Sz,-0.026367187500767643,0.034809060887730246,2.5,3.9628056733104815,-0.16430873146927505,0.11157435646773978,False
haxs.stage5c2gR32.batch-statistics.v1,limit_spin_density_zero_rect2x3,rect2x3_hole_2,500,3002433821,0.4136363636363636,Sx,2.4503515472056296,0.005752296431681657,2.5,3.9628056733104815,2.427556314271598,2.473146780139661,False
haxs.stage5c2gR32.batch-statistics.v1,limit_spin_density_zero_rect2x3,rect2x3_hole_2,500,3002433821,0.4136363636363636,Sy,-0.027440581815635297,0.035421091708154495,2.5,3.9628056733104815,-0.16780748499156078,0.11292632136029018,False
haxs.stage5c2gR32.batch-statistics.v1,limit_spin_density_zero_rect2x3,rect2x3_hole_2,500,3002433821,0.4136363636363636,Sz,-0.026367187500854167,0.034809060887760895,2.5,3.9628056733104815,-0.16430873146948305,0.11157435646777471,False
haxs.stage5c2gR32.batch-statistics.v1,limit_spin_density_zero_rect2x3,rect2x3_hole_2,500,3002433821,0.44545454545454544,Sx,2.443771311689588,0.0061402430683225985,2.5,3.9628056733104815,2.419438721622934,2.468103901756242,False
haxs.stage5c2gR32.batch-statistics.v1,limit_spin_density_zero_rect2x3,rect2x3_hole_2,500,3002433821,0.44545454545454544,Sy,-0.02705427387981617,0.0356638604553775,2.5,3.9628056733104815,-0.16838322242453946,0.11427467466490711,False
haxs.stage5c2gR32.batch-statistics.v1,limit_spin_density_zero_rect2x3,rect2x3_hole_2,500,3002433821,0.44545454545454544,Sz,-0.026367187500936383,0.03480906088778987,2.5,3.9628056733104815,-0.16430873146968009,0.1115743564678073,False
haxs.stage5c2gR32.batch-statistics.v1,limit_spin_density_zero_rect2x3,rect2x3_hole_2,500,3002433821,0.47727272727272724,Sx,2.4369243296250946,0.006521595248014142,2.5,3.9628056733104815,2.4110805149772294,2.46276814427296,False
haxs.stage5c2gR32.batch-statistics.v1,limit_spin_density_zero_rect2x3,rect2x3_hole_2,500,3002433821,0.47727272727272724,Sy,-0.02670473329801346,0.03591960984667707,2.5,3.9628056733104815,-0.16904716698152436,0.11563770038549745,False
haxs.stage5c2gR32.batch-statistics.v1,limit_spin_density_zero_rect2x3,rect2x3_hole_2,500,3002433821,0.47727272727272724,Sz,-0.026367187501013536,0.03480906088781661,2.5,3.9628056733104815,-0.1643087314698632,0.1115743564678361,False
haxs.stage5c2gR32.batch-statistics.v1,limit_spin_density_zero_rect2x3,rect2x3_hole_2,500,3002433821,0.509090909090909,Sx,2.4298380531931723,0.006896892555653334,2.5,3.9628056733104815,2.4025070082454163,2.457169098140928,False
haxs.stage5c2gR32.batch-statistics.v1,limit_spin_density_zero_rect2x3,rect2x3_hole_2,500,3002433821,0.509090909090909,Sy,-0.02638899645613101,0.03618748180191264,2.5,3.9628056733104815,-0.16979295464357025,0.11701496173130822,False
haxs.stage5c2gR32.batch-statistics.v1,limit_spin_density_zero_rect2x3,rect2x3_hole_2,500,3002433821,0.509090909090909,Sz,-0.02636718750108472,0.034809060887840734,2.5,3.9628056733104815,-0.16430873147002997,0.11157435646786054,False
haxs.stage5c2gR32.batch-statistics.v1,limit_spin_density_zero_rect2x3,rect2x3_hole_2,500,3002433821,0.5409090909090909,Sx,2.4225391914658547,0.007266695488511913,2.5,3.9628056733104815,2.3937426893577602,2.451335693573949,False
haxs.stage5c2gR32.batch-statistics.v1,limit_spin_density_zero_rect2x3,rect2x3_hole_2,500,3002433821,0.5409090909090909,Sy,-0.026103637659559472,0.03646660598422027,2.5,3.9628056733104815,-0.1706137107402055,0.11840643542108656,False
haxs.stage5c2gR32.batch-statistics.v1,limit_spin_density_zero_rect2x3,rect2x3_hole_2,500,3002433821,0.5409090909090909,Sz,-0.02636718750114965,0.034809060887861974,2.5,3.9628056733104815,-0.16430873147017905,0.11157435646787976,False
haxs.stage5c2gR32.batch-statistics.v1,limit_spin_density_zero_rect2x3,rect2x3_hole_2,500,3002433821,0.5727272727272726,Sx,2.4150533488911354,0.0076315728603539605,2.5,3.9628056733104815,2.3848109086638423,2.4452957891184286,False
haxs.stage5c2gR32.batch-statistics.v1,limit_spin_density_zero_rect2x3,rect2x3_hole_2,500,3002433821,0.5727272727272726,Sy,-0.025844830265084166,0.03675610595733422,2.5,3.9628056733104815,-0.17150213548160942,0.1198124749514411,False
haxs.stage5c2gR32.batch-statistics.v1,limit_spin_density_zero_rect2x3,rect2x3_hole_2,500,3002433821,0.5727272727272726,Sz,-0.026367187501207933,0.03480906088788014,2.5,3.9628056733104815,-0.16430873147030933,0.11157435646789347,False
haxs.stage5c2gR32.batch-statistics.v1,limit_spin_density_zero_rect2x3,rect2x3_hole_2,500,3002433821,0.6045454545454545,Sx,2.407404684992486,0.00799209149476126,2.5,3.9628056733104815,2.3757335794754297,2.439075790509542,False
haxs.stage5c2gR32.batch-statistics.v1,limit_spin_density_zero_rect2x3,rect2x3_hole_2,500,3002433821,0.6045454545454545,Sy,-0.02560841578779975,0.03705510467129194,2.5,3.9628056733104815,-0.1724505948043092,0.12123376322870967,False
haxs.stage5c2gR32.batch-statistics.v1,limit_spin_density_zero_rect2x3,rect2x3_hole_2,500,3002433821,0.6045454545454545,Sz,-0.026367187501259274,0.03480906088789504,2.5,3.9628056733104815,-0.16430873147041972,0.11157435646790118,False
haxs.stage5c2gR32.batch-statistics.v1,limit_spin_density_zero_rect2x3,rect2x3_hole_2,500,3002433821,0.6363636363636362,Sx,2.3996156032694627,0.008348808327012866,2.5,3.9628056733104815,2.366530898265794,2.432700308273131,False
haxs.stage5c2gR32.batch-statistics.v1,limit_spin_density_zero_rect2x3,rect2x3_hole_2,500,3002433821,0.6363636363636362,Sy,-0.02538997933912754,0.03736272933804862,2.5,3.9628056733104815,-0.1734512151303106,0.12267125645205551,False
haxs.stage5c2gR32.batch-statistics.v1,limit_spin_density_zero_rect2x3,rect2x3_hole_2,500,3002433821,0.6363636363636362,Sz,-0.02636718750130378,0.03480906088790668,2.5,3.9628056733104815,-0.16430873147051037,0.1115743564679028,False
haxs.stage5c2gR32.batch-statistics.v1,limit_spin_density_zero_rect2x3,rect2x3_hole_2,500,3002433821,0.6681818181818181,Sx,2.3917064766557736,0.008702264913636308,2.5,3.9628056733104815,2.357221091885365,2.426191861426182,False
haxs.stage5c2gR32.batch-statistics.v1,limit_spin_density_zero_rect2x3,rect2x3_hole_2,500,3002433821,0.6681818181818181,Sy,-0.025184929691564665,0.03767811584014483,2.5,3.9628056733104815,-0.1744959809025401,0.12412612151941077,False
haxs.stage5c2gR32.batch-statistics.v1,limit_spin_density_zero_rect2x3,rect2x3_hole_2,500,3002433821,0.6681818181818181,Sz,-0.026367187501341177,0.034809060887915175,2.5,3.9628056733104815,-0.16430873147058142,0.11157435646789907,False
haxs.stage5c2gR32.batch-statistics.v1,limit_spin_density_zero_rect2x3,rect2x3_hole_2,500,3002433821,0.7,Sx,2.383695415982089,0.00905298423337668,2.5,3.9628056733104815,2.347820198701674,2.4195706332625044,False
haxs.stage5c2gR32.batch-statistics.v1,limit_spin_density_zero_rect2x3,rect2x3_hole_2,500,3002433821,0.7,Sy,-0.024988582304075448,0.03800041286718648,2.5,3.9628056733104815,-0.17557683400230265,0.12559966939415176,False
haxs.stage5c2gR32.batch-statistics.v1,limit_spin_density_zero_rect2x3,rect2x3_hole_2,500,3002433821,0.7,Sz,-0.02636718750137127,0.034809060887920566,2.5,3.9628056733104815,-0.16430873147063288,0.11157435646789035,False
haxs.stage5c2gR32.batch-statistics.v1,limit_spin_density_zero_rect2x3,rect2x3_hole_2,500,3002433821,0.7318181818181817,Sx,2.3755980866986657,0.00940146955049861,2.5,3.9628056733104815,2.338341889826494,2.4128542835708373,False
haxs.stage5c2gR32.batch-statistics.v1,limit_spin_density_zero_rect2x3,rect2x3_hole_2,500,3002433821,0.7318181818181817,Sy,-0.024796243746393876,0.03832878598478628,2.5,3.9628056733104815,-0.17668577429800822,0.12709328680522045,False
haxs.stage5c2gR32.batch-statistics.v1,limit_spin_density_zero_rect2x3,rect2x3_hole_2,500,3002433821,0.7318181818181817,Sz,-0.026367187501393892,0.0348090608879233,2.5,3.9628056733104815,-0.16430873147066632,0.11157435646787855,False
haxs.stage5c2gR32.batch-statistics.v1,limit_spin_density_zero_rect2x3,rect2x3_hole_2,500,3002433821,0.7636363636363636,Sx,2.367427577659122,0.009748205003411463,2.5,3.9628056733104815,2.3287973355670095,2.4060578197512346,False
haxs.stage5c2gR32.batch-statistics.v1,limit_spin_density_zero_rect2x3,rect2x3_hole_2,500,3002433821,0.7636363636363636,Sy,-0.024603296090306093,0.03866242180471097,2.5,3.9628056733104815,-0.17781496056193757,0.1286083683813254,False
haxs.stage5c2gR32.batch-statistics.v1,limit_spin_density_zero_rect2x3,rect2x3_hole_2,500,3002433821,0.7636363636363636,Sz,-0.026367187501408602,0.03480906088792359,2.5,3.9628056733104815,-0.1643087314706822,0.11157435646786501,False
haxs.stage5c2gR32.batch-statistics.v1,limit_spin_density_zero_rect2x3,rect2x3_hole_2,500,3002433821,0.7954545454545454,Sx,2.3591943241026687,0.010093657487059761,2.5,3.9628056733104815,2.3191951209484953,2.399193527256842,False
haxs.stage5c2gR32.batch-statistics.v1,limit_spin_density_zero_rect2x3,rect2x3_hole_2,500,3002433821,0.7954545454545454,Sy,-0.024405279951312767,0.03900053234846779,2.5,3.9628056733104815,-0.17895681080394987,0.1301462509013243,False
haxs.stage5c2gR32.batch-statistics.v1,limit_spin_density_zero_rect2x3,rect2x3_hole_2,500,3002433821,0.7954545454545454,Sz,-0.02636718750141491,0.03480906088792185,2.5,3.9628056733104815,-0.1643087314706816,0.11157435646785178,False
haxs.stage5c2gR32.batch-statistics.v1,limit_spin_density_zero_rect2x3,rect2x3_hole_2,500,3002433821,0.8272727272727272,Sx,2.3509060851863763,0.010438279329475093,2.5,3.9628056733104815,2.309541212639933,2.3922709577328196,False
haxs.stage5c2gR32.batch-statistics.v1,limit_spin_density_zero_rect2x3,rect2x3_hole_2,500,3002433821,0.8272727272727272,Sy,-0.024197974933980574,0.03934235959339137,2.5,3.9628056733104815,-0.18010410073209293,0.1317081508641318,False
haxs.stage5c2gR32.batch-statistics.v1,limit_spin_density_zero_rect2x3,rect2x3_hole_2,500,3002433821,0.8272727272727272,Sz,-0.02636718750141219,0.0348090608879186,2.5,3.9628056733104815,-0.164308731470666,0.11157435646784163,False
haxs.stage5c2gR32.batch-statistics.v1,limit_spin_density_zero_rect2x3,rect2x3_hole_2,500,3002433821,0.859090909090909,Sx,2.342567974624118,0.01078251123534719,2.5,3.9628056733104815,2.2998389779281503,2.385296971320086,False
haxs.stage5c2gR32.batch-statistics.v1,limit_spin_density_zero_rect2x3,rect2x3_hole_2,500,3002433821,0.859090909090909,Sy,-0.023977476242845196,0.039687180080675066,2.5,3.9628056733104815,-0.18125005862423907,0.1332951061385487,False
haxs.stage5c2gR32.batch-statistics.v1,limit_spin_density_zero_rect2x3,rect2x3_hole_2,500,3002433821,0.859090909090909,Sz,-0.026367187501399904,0.03480906088791437,2.5,3.9628056733104815,-0.16430873147063696,0.11157435646783714,False
haxs.stage5c2gR32.batch-statistics.v1,limit_spin_density_zero_rect2x3,rect2x3_hole_2,500,3002433821,0.8909090909090909,Sx,2.3341825413105273,0.011126784992499241,2.5,3.9628056733104815,2.2900892546165452,2.3782758280045093,False
haxs.stage5c2gR32.batch-statistics.v1,limit_spin_density_zero_rect2x3,rect2x3_hole_2,500,3002433821,0.8909090909090909,Sy,-0.023740266169956087,0.04003430937103376,2.5,3.9628056733104815,-0.18238845447255567,0.1349079221326435,False
haxs.stage5c2gR32.batch-statistics.v1,limit_spin_density_zero_rect2x3,rect2x3_hole_2,500,3002433821,0.8909090909090909,Sz,-0.026367187501377114,0.03480906088790967,2.5,3.9628056733104815,-0.16430873147059555,0.1115743564678413,False
haxs.stage5c2gR32.batch-statistics.v1,limit_spin_density_zero_rect2x3,rect2x3_hole_2,500,3002433821,0.9227272727272726,Sx,2.3257498953639653,0.011471525512682962,2.5,3.9628056733104815,2.2802904689807795,2.371209321747151,False
haxs.stage5c2gR32.batch-statistics.v1,limit_spin_density_zero_rect2x3,rect2x3_hole_2,500,3002433821,0.9227272727272726,Sy,-0.023483279079557308,0.04038310607541293,2.5,3.9628056733104815,-0.18351368094110262,0.13654712278198802,False
haxs.stage5c2gR32.batch-statistics.v1,limit_spin_density_zero_rect2x3,rect2x3_hole_2,500,3002433821,0.9227272727272726,Sz,-0.026367187501343023,0.03480906088790506,2.5,3.9628056733104815,-0.16430873147054315,0.11157435646785711,False
haxs.stage5c2gR32.batch-statistics.v1,limit_spin_density_zero_rect2x3,rect2x3_hole_2,500,3002433821,0.9545454545454545,Sx,2.317267873902668,0.011817151897758577,2.5,3.9628056733104815,2.270438797319859,2.3640969504854774,False
haxs.stage5c2gR32.batch-statistics.v1,limit_spin_density_zero_rect2x3,rect2x3_hole_2,500,3002433821,0.9545454545454545,Sy,-0.023203958413415215,0.04073297517790238,2.5,3.9628056733104815,-0.18462082353922177,0.13821290671239134,False
haxs.stage5c2gR32.batch-statistics.v1,limit_spin_density_zero_rect2x3,rect2x3_hole_2,500,3002433821,0.9545454545454545,Sz,-0.026367187501296997,0.03480906088790111,2.5,3.9628056733104815,-0.1643087314704815,0.11157435646788752,False
haxs.stage5c2gR32.batch-statistics.v1,limit_spin_density_zero_rect2x3,rect2x3_hole_2,500,3002433821,0.9863636363636362,Sx,2.308732240120897,0.012164077368021052,2.5,3.9628056733104815,2.2605283653163153,2.3569361149254786,False
haxs.stage5c2gR32.batch-statistics.v1,limit_spin_density_zero_rect2x3,rect2x3_hole_2,500,3002433821,0.9863636363636362,Sy,-0.02290030417851062,0.041083370408410556,2.5,3.9628056733104815,-0.18570571751167592,0.1399051091546547,False
haxs.stage5c2gR32.batch-statistics.v1,limit_spin_density_zero_rect2x3,rect2x3_hole_2,500,3002433821,0.9863636363636362,Sz,-0.026367187501238454,0.03480906088789814,2.5,3.9628056733104815,-0.1643087314704112,0.11157435646793429,False
haxs.stage5c2gR32.batch-statistics.v1,limit_spin_density_zero_rect2x3,rect2x3_hole_2,500,3002433821,1.018181818181818,Sx,2.300136908857931,0.01251270803677873,2.5,3.9628056733104815,2.2505514784613063,2.3497223392545554,False
haxs.stage5c2gR32.batch-statistics.v1,limit_spin_density_zero_rect2x3,rect2x3_hole_2,500,3002433821,1.018181818181818,Sy,-0.022570909394945972,0.041433795505771844,2.5,3.9628056733104815,-0.18676498929200497,0.14162317050211304,False
haxs.stage5c2gR32.batch-statistics.v1,limit_spin_density_zero_rect2x3,rect2x3_hole_2,500,3002433821,1.018181818181818,Sz,-0.026367187501166796,0.034809060887896724,2.5,3.9628056733104815,-0.16430873147033392,0.11157435646800035,False
haxs.stage5c2gR32.batch-statistics.v1,limit_spin_density_zero_rect2x3,rect2x3_hole_2,500,3002433821,1.0499999999999998,Sx,2.2914741918089927,0.012863440638976967,2.5,3.9628056733104815,2.240498876266562,2.3424495073514233,False
haxs.stage5c2gR32.batch-statistics.v1,limit_spin_density_zero_rect2x3,rect2x3_hole_2,500,3002433821,1.0499999999999998,Sy,-0.02221498411262993,0.04178380432114525,2.5,3.9628056733104815,-0.18779608092895933,0.14336611270369948,False
haxs.stage5c2gR32.batch-statistics.v1,limit_spin_density_zero_rect2x3,rect2x3_hole_2,500,3002433821,1.0499999999999998,Sz,-0.02636718750108221,0.034809060887897016,2.5,3.9628056733104815,-0.1643087314702505,0.11157435646808606,False
haxs.stage5c2gR32.batch-statistics.v1,limit_spin_density_zero_rect2x3,rect2x3_hole_2,500,3002433821,1.0818181818181818,Sx,2.282735055739375,0.013216659401517538,2.5,3.9628056733104815,2.230360002880829,2.335110108597921,False
haxs.stage5c2gR32.batch-statistics.v1,limit_spin_density_zero_rect2x3,rect2x3_hole_2,500,3002433821,1.0818181818181818,Sy,-0.021832365874610328,0.042132999825197984,2.5,3.9628056733104815,-0.18879725661549443,0.1451325248662738,False
haxs.stage5c2gR32.batch-statistics.v1,limit_spin_density_zero_rect2x3,rect2x3_hole_2,500,3002433821,1.0818181818181818,Sz,-0.026367187500984976,0.0348090608878993,2.5,3.9628056733104815,-0.16430873147016228,0.11157435646819235,False
haxs.stage5c2gR32.batch-statistics.v1,limit_spin_density_zero_rect2x3,rect2x3_hole_2,500,3002433821,1.1136363636363635,Sx,2.2739093874469933,0.01357273226906743,2.5,3.9628056733104815,2.220123287008809,2.327695487885178,False
haxs.stage5c2gR32.batch-statistics.v1,limit_spin_density_zero_rect2x3,rect2x3_hole_2,500,3002433821,1.1136363636363635,Sy,-0.02142351591911529,0.042481032178984336,2.5,3.9628056733104815,-0.18976759124607953,0.14692055940784896,False
haxs.stage5c2gR32.batch-statistics.v1,limit_spin_density_zero_rect2x3,rect2x3_hole_2,500,3002433821,1.1136363636363635,Sz,-0.026367187500875945,0.03480906088790367,2.5,3.9628056733104815,-0.16430873147007058,0.1115743564683187,False
haxs.stage5c2gR32.batch-statistics.v1,limit_spin_density_zero_rect2x3,rect2x3_hole_2,500,3002433821,1.1454545454545453,Sx,2.2649862596972756,0.013932006674718877,2.5,3.9628056733104815,2.2097764246061002,2.320196094788451,False
haxs.stage5c2gR32.batch-statistics.v1,limit_spin_density_zero_rect2x3,rect2x3_hole_2,500,3002433821,1.1454545454545453,Sy,-0.020989500956967094,0.04282759609066833,2.5,3.9628056733104815,-0.19070694171931735,0.14872793980538318,False
haxs.stage5c2gR32.batch-statistics.v1,limit_spin_density_zero_rect2x3,rect2x3_hole_2,500,3002433821,1.1454545454545453,Sz,-0.026367187500756895,0.0348090608879101,2.5,3.9628056733104815,-0.16430873146997704,0.11157435646846325,False
haxs.stage5c2gR32.batch-statistics.v1,limit_spin_density_zero_rect2x3,rect2x3_hole_2,500,3002433821,1.1772727272727272,Sx,2.2559541928769344,0.014294804985495638,2.5,3.9628056733104815,2.1993066585815453,2.3126017271723236,False
haxs.stage5c2gR32.batch-statistics.v1,limit_spin_density_zero_rect2x3,rect2x3_hole_2,500,3002433821,1.1772727272727272,Sy,-0.02053196100045545,0.04317242769959902,2.5,3.9628056733104815,-0.19161590241901302,0.1505519804181021,False
haxs.stage5c2gR32.batch-statistics.v1,limit_spin_density_zero_rect2x3,rect2x3_hole_2,500,3002433821,1.1772727272727272,Sz,-0.02636718750062974,0.034809060887918485,2.5,3.9628056733104815,-0.1643087314698831,0.1115743564686236,False
haxs.stage5c2gR32.batch-statistics.v1,limit_spin_density_zero_rect2x3,rect2x3_hole_2,500,3002433821,1.209090909090909,Sx,2.2468014076594742,0.014661419682707098,2.5,3.9628056733104815,2.1887010505620568,2.3049017647568917,False
haxs.stage5c2gR32.batch-statistics.v1,limit_spin_density_zero_rect2x3,rect2x3_hole_2,500,3002433821,1.209090909090909,Sy,-0.020053064399871142,0.04351530120677143,2.5,3.9628056733104815,-0.19249574689787943,0.15238961809813714,False
haxs.stage5c2gR32.batch-statistics.v1,limit_spin_density_zero_rect2x3,rect2x3_hole_2,500,3002433821,1.209090909090909,Sz,-0.02636718750049738,0.0348090608879286,2.5,3.9628056733104815,-0.16430873146979083,0.11157435646879607,False
haxs.stage5c2gR32.batch-statistics.v1,limit_spin_density_zero_rect2x3,rect2x3_hole_2,500,3002433821,1.2409090909090907,Sx,2.2375160645557672,0.015032108283281269,2.5,3.9628056733104815,2.1779467405689625,2.297085388542572,False
haxs.stage5c2gR32.batch-statistics.v1,limit_spin_density_zero_rect2x3,rect2x3_hole_2,500,3002433821,1.2409090909090907,Sy,-0.019555451897700003,0.04385602541629929,2.5,3.9628056733104815,-0.19334835822625948,0.15423745443085948,False
haxs.stage5c2gR32.batch-statistics.v1,limit_spin_density_zero_rect2x3,rect2x3_hole_2,500,3002433821,1.2409090909090907,Sz,-0.026367187500363088,0.03480906088794028,2.5,3.9628056733104815,-0.16430873146970282,0.11157435646897663,False
haxs.stage5c2gR32.batch-statistics.v1,limit_spin_density_zero_rect2x3,rect2x3_hole_2,500,3002433821,1.2727272727272725,Sx,2.228086486865705,0.015407087992673554,2.5,3.9628056733104815,2.167031191159144,2.2891417825722655,False
haxs.stage5c2gR32.batch-statistics.v1,limit_spin_density_zero_rect2x3,rect2x3_hole_2,500,3002433821,1.2727272727272725,Sy,-0.019042172066369597,0.044194440282091976,2.5,3.9628056733104815,-0.19417615074502495,0.15609180661228575,False
haxs.stage5c2gR32.batch-statistics.v1,limit_spin_density_zero_rect2x3,rect2x3_hole_2,500,3002433821,1.2727272727272725,Sz,-0.026367187500230524,0.03480906088795309,2.5,3.9628056733104815,-0.164308731469621,0.11157435646915996,False
haxs.stage5c2gR32.batch-statistics.v1,limit_spin_density_zero_rect2x3,rect2x3_hole_2,500,3002433821,1.3045454545454545,Sx,2.218501364281148,0.01578653011459555,2.5,3.9628056733104815,2.155942413181142,2.281060315381154,False
haxs.stage5c2gR32.batch-statistics.v1,limit_spin_density_zero_rect2x3,rect2x3_hole_2,500,3002433821,1.3045454545454545,Sy,-0.018516610887321212,0.04453041348529451,2.5,3.9628056733104815,-0.19498198608170786,0.15794876430706545,False
haxs.stage5c2gR32.batch-statistics.v1,limit_spin_density_zero_rect2x3,rect2x3_hole_2,500,3002433821,1.3045454545454545,Sz,-0.02636718750010356,0.03480906088796663,2.5,3.9628056733104815,-0.1643087314695477,0.11157435646934058,False
haxs.stage5c2gR32.batch-statistics.v1,limit_spin_density_zero_rect2x3,rect2x3_hole_2,500,3002433821,1.3363636363636362,Sx,2.2087499352292523,0.01617055432595874,2.5,3.9628056733104815,2.1446691708057677,2.272830699652737,False
haxs.stage5c2gR32.batch-statistics.v1,limit_spin_density_zero_rect2x3,rect2x3_hole_2,500,3002433821,1.3363636363636362,Sy,-0.017982418406720428,0.04486383701668262,2.5,3.9628056733104815,-0.1957690862629071,0.15980424944946622,False
haxs.stage5c2gR32.batch-statistics.v1,limit_spin_density_zero_rect2x3,rect2x3_hole_2,500,3002433821,1.3363636363636362,Sz,-0.026367187499985692,0.03480906088798056,2.5,3.9628056733104815,-0.16430873146948505,0.11157435646951365,False
haxs.stage5c2gR32.batch-statistics.v1,limit_spin_density_zero_rect2x3,rect2x3_hole_2,500,3002433821,1.368181818181818,Sx,2.1988221469741385,0.016559223042236764,2.5,3.9628056733104815,2.133201163956749,2.2644431299915277,False
haxs.stage5c2gR32.batch-statistics.v1,limit_spin_density_zero_rect2x3,rect2x3_hole_2,500,3002433821,1.368181818181818,Sy,-0.017443435340563716,0.045194623713944886,2.5,3.9628056733104815,-0.19654094659731694,0.1616540759161895,False
haxs.stage5c2gR32.batch-statistics.v1,limit_spin_density_zero_rect2x3,rect2x3_hole_2,500,3002433821,1.368181818181818,Sz,-0.026367187499880623,0.03480906088799453,2.5,3.9628056733104815,-0.16430873146943534,0.11157435646967409,False
haxs.stage5c2gR32.batch-statistics.v1,limit_spin_density_zero_rect2x3,rect2x3_hole_2,500,3002433821,1.4,Sx,2.188708793463,0.016952536224492894,2.5,3.9628056733104815,2.121529186735578,2.255888400190422,False
haxs.stage5c2gR32.batch-statistics.v1,limit_spin_density_zero_rect2x3,rect2x3_hole_2,500,3002433821,1.4,Sy,-0.016903622203478862,0.04552270370905562,2.5,3.9628056733104815,-0.19730125072615656,0.16349400631919886,False
haxs.stage5c2gR32.batch-statistics.v1,limit_spin_density_zero_rect2x3,rect2x3_hole_2,500,3002433821,1.4,Sz,-0.026367187499791202,0.03480906088800816,2.5,3.9628056733104815,-0.16430873146939992,0.11157435646981753,False
haxs.stage5c2gR32.batch-statistics.v1,limit_spin_density_zero_rect2x3,rect2x3_hole_2,501,2137712089,0.0,Sx,2.5,0.0,2.5,3.9628056733104815,2.5,2.5,False
haxs.stage5c2gR32.batch-statistics.v1,limit_spin_density_zero_rect2x3,rect2x3_hole_2,501,2137712089,0.0,Sy,-0.015625,0.034373889167157834,2.5,3.9628056733104815,-0.15184204300535878,0.12059204300535878,False
haxs.stage5c2gR32.batch-statistics.v1,limit_spin_density_zero_rect2x3,rect2x3_hole_2,501,2137712089,0.0,Sz,0.0234375,0.034728744754350886,2.5,3.9628056733104815,-0.11418576673949332,0.16106076673949332,False
haxs.stage5c2gR32.batch-statistics.v1,limit_spin_density_zero_rect2x3,rect2x3_hole_2,501,2137712089,0.031818181818181815,Sx,2.5009045176402336,0.0005243960729857433,2.5,3.9628056733104815,2.498826437907144,2.502982597373323,False
haxs.stage5c2gR32.batch-statistics.v1,limit_spin_density_zero_rect2x3,rect2x3_hole_2,501,2137712089,0.031818181818181815,Sy,-0.016426924576698747,0.03433999807955235,2.5,3.9628056733104815,-0.15250966378781983,0.11965581463442232,False
haxs.stage5c2gR32.batch-statistics.v1,limit_spin_density_zero_rect2x3,rect2x3_hole_2,501,2137712089,0.031818181818181815,Sz,0.02343749999997898,0.03472874475434958,2.5,3.9628056733104815,-0.11418576673950918,0.16106076673946715,False
haxs.stage5c2gR32.batch-statistics.v1,limit_spin_density_zero_rect2x3,rect2x3_hole_2,501,2137712089,0.06363636363636363,Sx,2.501330718947859,0.001045953894076077,2.5,3.9628056733104815,2.497185806922393,2.505475630973325,False
haxs.stage5c2gR32.batch-statistics.v1,limit_spin_density_zero_rect2x3,rect2x3_hole_2,501,2137712089,0.06363636363636363,Sy,-0.01725669829053978,0.03432741710007473,2.5,3.9628056733104815,-0.15328958152481115,0.1187761849437316,False
haxs.stage5c2gR32.batch-statistics.v1,limit_spin_density_zero_rect2x3,rect2x3_hole_2,501,2137712089,0.06363636363636363,Sz,0.02343749999995614,0.03472874475435235,2.5,3.9628056733104815,-0.11418576673954298,0.16106076673945527,False
haxs.stage5c2gR32.batch-statistics.v1,limit_spin_density_zero_rect2x3,rect2x3_hole_2,501,2137712089,0.09545454545454544,Sx,2.5012720137460818,0.0015629935499154334,2.5,3.9628056733104815,2.4950781740391292,2.5074658534530343,False
haxs.stage5c2gR32.batch-statistics.v1,limit_spin_density_zero_rect2x3,rect2x3_hole_2,501,2137712089,0.09545454545454544,Sy,-0.018112838397500802,0.03433597712404688,2.5,3.9628056733104815,-0.1541796433433327,0.1179539665483311,False
haxs.stage5c2gR32.batch-statistics.v1,limit_spin_density_zero_rect2x3,rect2x3_hole_2,501,2137712089,0.09545454545454544,Sz,0.023437499999933952,0.03472874475435924,2.5,3.9628056733104815,-0.11418576673959248,0.16106076673946038,False
haxs.stage5c2gR32.batch-statistics.v1,limit_spin_density_zero_rect2x3,rect2x3_hole_2,501,2137712089,0.12727272727272726,Sx,2.5007233769074952,0.0020739295026319404,2.5,3.9628056733104815,2.4925047973084196,2.508941956506571,False
haxs.stage5c2gR32.batch-statistics.v1,limit_spin_density_zero_rect2x3,rect2x3_hole_2,501,2137712089,0.12727272727272726,Sy,-0.018993147074517214,0.03436540456098377,2.5,3.9628056733104815,-0.15517656723439358,0.11719027308535915,False
haxs.stage5c2gR32.batch-statistics.v1,limit_spin_density_zero_rect2x3,rect2x3_hole_2,501,2137712089,0.12727272727272726,Sz,0.023437499999914586,0.03472874475437018,2.5,3.9628056733104815,-0.1141857667396552,0.16106076673948438,False
haxs.stage5c2gR32.batch-statistics.v1,limit_spin_density_zero_rect2x3,rect2x3_hole_2,501,2137712089,0.15909090909090906,Sx,2.4996815961292618,0.0025773008731964885,2.5,3.9628056733104815,2.489468253607131,2.5098949386513927,False
haxs.stage5c2gR32.batch-statistics.v1,limit_spin_density_zero_rect2x3,rect2x3_hole_2,501,2137712089,0.15909090909090906,Sy,-0.019894735221180068,0.03441532540936863,2.5,3.9628056733104815,-0.15627598200225246,0.11648651155989231,False
haxs.stage5c2gR32.batch-statistics.v1,limit_spin_density_zero_rect2x3,rect2x3_hole_2,501,2137712089,0.15909090909090906,Sz,0.02343749999990033,0.03472874475438494,2.5,3.9628056733104815,-0.11418576673972794,0.1610607667395286,False
haxs.stage5c2gR32.batch-statistics.v1,limit_spin_density_zero_rect2x3,rect2x3_hole_2,501,2137712089,0.1909090909090909,Sx,2.4981455216037234,0.00307179879338451,2.5,3.9628056733104815,2.485972579918031,2.510318463289416,False
haxs.stage5c2gR32.batch-statistics.v1,limit_spin_density_zero_rect2x3,rect2x3_hole_2,501,2137712089,0.1909090909090909,Sy,-0.020814064401001073,0.03448527049291396,2.5,3.9628056733104815,-0.15747248995596708,0.11584436115396492,False
haxs.stage5c2gR32.batch-statistics.v1,limit_spin_density_zero_rect2x3,rect2x3_hole_2,501,2137712089,0.1909090909090909,Sz,0.023437499999892877,0.034728744754403296,2.5,3.9628056733104815,-0.11418576673980814,0.1610607667395939,False
haxs.stage5c2gR32.batch-statistics.v1,limit_spin_density_zero_rect2x3,rect2x3_hole_2,501,2137712089,0.22272727272727272,Sx,2.496116305443177,0.003556290170360282,2.5,3.9628056733104815,2.4820234185801353,2.510209192306219,False
haxs.stage5c2gR32.batch-statistics.v1,limit_spin_density_zero_rect2x3,rect2x3_hole_2,501,2137712089,0.22272727272727272,Sy,-0.021747007805579185,0.03457468200188339,2.5,3.9628056733104815,-0.15875975379554846,0.1152657381843901,False
haxs.stage5c2gR32.batch-statistics.v1,limit_spin_density_zero_rect2x3,rect2x3_hole_2,501,2137712089,0.22272727272727272,Sz,0.023437499999893394,0.03472874475442477,2.5,3.9628056733104815,-0.11418576673989272,0.1610607667396795,False
haxs.stage5c2gR32.batch-statistics.v1,limit_spin_density_zero_rect2x3,rect2x3_hole_2,501,2137712089,0.2545454545454545,Sx,2.4935976179878816,0.004029837231473934,2.5,3.9628056733104815,2.477628156144479,2.5095670798312844,False
haxs.stage5c2gR32.batch-statistics.v1,limit_spin_density_zero_rect2x3,rect2x3_hole_2,501,2137712089,0.2545454545454545,Sy,-0.02268893060024009,0.034682921459752464,2.5,3.9628056733104815,-0.16013060852792899,0.11475274732744882,False
haxs.stage5c2gR32.batch-statistics.v1,limit_spin_density_zero_rect2x3,rect2x3_hole_2,501,2137712089,0.2545454545454545,Sz,0.023437499999902717,0.034728744754448815,2.5,3.9628056733104815,-0.11418576673997868,0.16106076673978412,False
haxs.stage5c2gR32.batch-statistics.v1,limit_spin_density_zero_rect2x3,rect2x3_hole_2,501,2137712089,0.2863636363636363,Sx,2.4905958280064517,0.004491712261184584,2.5,3.9628056733104815,2.472796045174951,2.5083956108379524,False
haxs.stage5c2gR32.batch-statistics.v1,limit_spin_density_zero_rect2x3,rect2x3_hole_2,501,2137712089,0.2863636363636363,Sy,-0.023634789273052844,0.03480927917040544,2.5,3.9628056733104815,-0.1615771982533839,0.11430761970727821,False
haxs.stage5c2gR32.batch-statistics.v1,limit_spin_density_zero_rect2x3,rect2x3_hole_2,501,2137712089,0.2863636363636363,Sz,0.02343749999992088,0.03472874475447504,2.5,3.9628056733104815,-0.1141857667400644,0.16106076673990616,False
haxs.stage5c2gR32.batch-statistics.v1,limit_spin_density_zero_rect2x3,rect2x3_hole_2,501,2137712089,0.3181818181818181,Sx,2.4871201343275167,0.004941407011045191,2.5,3.9628056733104815,2.4675382985900107,2.5067019700650226,False
haxs.stage5c2gR32.batch-statistics.v1,limit_spin_density_zero_rect2x3,rect2x3_hole_2,501,2137712089,0.3181818181818181,Sy,-0.0245792486927252,0.03495298509586205,2.5,3.9628056733104815,-0.16309113632974406,0.11393263894429365,False
haxs.stage5c2gR32.batch-statistics.v1,limit_spin_density_zero_rect2x3,rect2x3_hole_2,501,2137712089,0.3181818181818181,Sz,0.02343749999994737,0.034728744754502716,2.5,3.9628056733104815,-0.1141857667401476,0.16106076674004235,False
haxs.stage5c2gR32.batch-statistics.v1,limit_spin_density_zero_rect2x3,rect2x3_hole_2,501,2137712089,0.35,Sx,2.483182637635812,0.0053786363619647524,2.5,3.9628056733104815,2.461868146945944,2.50449712832568,False
haxs.stage5c2gR32.batch-statistics.v1,limit_spin_density_zero_rect2x3,rect2x3_hole_2,501,2137712089,0.35,Sy,-0.025516814543435115,0.035113220977314286,2.5,3.9628056733104815,-0.16466368584054075,0.11363005675367054,False
haxs.stage5c2gR32.batch-statistics.v1,limit_spin_density_zero_rect2x3,rect2x3_hole_2,501,2137712089,0.35,Sz,0.023437499999980876,0.034728744754531284,2.5,3.9628056733104815,-0.11418576674022732,0.16106076674018907,False
haxs.stage5c2gR32.batch-statistics.v1,limit_spin_density_zero_rect2x3,rect2x3_hole_2,501,2137712089,0.3818181818181818,Sx,2.478798343011092,0.0058033359517616016,2.5,3.9628056733104815,2.455800850377324,2.5017958356448595,False
haxs.stage5c2gR32.batch-statistics.v1,limit_spin_density_zero_rect2x3,rect2x3_hole_2,501,2137712089,0.3818181818181818,Sy,-0.026441977728058653,0.03528913335780726,2.5,3.9628056733104815,-0.16628595560458742,0.11340200014847013,False
haxs.stage5c2gR32.batch-statistics.v1,limit_spin_density_zero_rect2x3,rect2x3_hole_2,501,2137712089,0.3818181818181818,Sz,0.023437500000019245,0.034728744754560094,2.5,3.9628056733104815,-0.1141857667403031,0.1610607667403416,False
haxs.stage5c2gR32.batch-statistics.v1,limit_spin_density_zero_rect2x3,rect2x3_hole_2,501,2137712089,0.4136363636363636,Sx,2.473985086245107,0.006215653658204888,2.5,3.9628056733104815,2.4493536586650397,2.498616513825174,False
haxs.stage5c2gR32.batch-statistics.v1,limit_spin_density_zero_rect2x3,rect2x3_hole_2,501,2137712089,0.4136363636363636,Sy,-0.027349366314015286,0.0354798470139707,2.5,3.9628056733104815,-0.16794910534916635,0.11325037272113576,False
haxs.stage5c2gR32.batch-statistics.v1,limit_spin_density_zero_rect2x3,rect2x3_hole_2,501,2137712089,0.4136363636363636,Sz,0.02343750000006024,0.03472874475458858,2.5,3.9628056733104815,-0.11418576674037499,0.16106076674049546,False
haxs.stage5c2gR32.batch-statistics.v1,limit_spin_density_zero_rect2x3,rect2x3_hole_2,501,2137712089,0.44545454545454544,Sx,2.4687633799679336,0.006615935055846743,2.5,3.9628056733104815,2.4425457149943703,2.494981044941497,False
haxs.stage5c2gR32.batch-statistics.v1,limit_spin_density_zero_rect2x3,rect2x3_hole_2,501,2137712089,0.44545454545454544,Sy,-0.028233899743612737,0.03568447818135618,2.5,3.9628056733104815,-0.1696445523298151,0.11317675284258963,False
haxs.stage5c2gR32.batch-statistics.v1,limit_spin_density_zero_rect2x3,rect2x3_hole_2,501,2137712089,0.44545454545454544,Sz,0.023437500000100697,0.03472874475461615,2.5,3.9628056733104815,-0.11418576674044381,0.1610607667406452,False
haxs.stage5c2gR32.batch-statistics.v1,limit_spin_density_zero_rect2x3,rect2x3_hole_2,501,2137712089,0.47727272727272724,Sx,2.463156179045472,0.007004703247278525,2.5,3.9628056733104815,2.4353979012773004,2.4909144568136434,False
haxs.stage5c2gR32.batch-statistics.v1,limit_spin_density_zero_rect2x3,rect2x3_hole_2,501,2137712089,0.47727272727272724,Sy,-0.029090939444195985,0.03590214688815207,2.5,3.9628056733104815,-0.17136417081659125,0.11318229192819927,False
haxs.stage5c2gR32.batch-statistics.v1,limit_spin_density_zero_rect2x3,rect2x3_hole_2,501,2137712089,0.47727272727272724,Sz,0.023437500000137133,0.03472874475464232,2.5,3.9628056733104815,-0.11418576674051106,0.16106076674078534,False
haxs.stage5c2gR32.batch-statistics.v1,limit_spin_density_zero_rect2x3,rect2x3_hole_2,501,2137712089,0.509090909090909,Sx,2.4571885684289194,0.007382633799856353,2.5,3.9628056733104815,2.427932625322875,2.486444511534964,False
haxs.stage5c2gR32.batch-statistics.v1,limit_spin_density_zero_rect2x3,rect2x3_hole_2,501,2137712089,0.509090909090909,Sy,-0.029916429736242756,0.036131987716170794,2.5,3.9628056733104815,-0.173100475645869,0.11326761617338349,False
haxs.stage5c2gR32.batch-statistics.v1,limit_spin_density_zero_rect2x3,rect2x3_hole_2,501,2137712089,0.509090909090909,Sz,0.023437500000166346,0.03472874475466658,2.5,3.9628056733104815,-0.11418576674057801,0.1610607667409107,False
haxs.stage5c2gR32.batch-statistics.v1,limit_spin_density_zero_rect2x3,rect2x3_hole_2,501,2137712089,0.5409090909090909,Sx,2.4508873804570097,0.007750525876856758,2.5,3.9628056733104815,2.420173552541062,2.4816012083729575,False
haxs.stage5c2gR32.batch-statistics.v1,limit_spin_density_zero_rect2x3,rect2x3_hole_2,501,2137712089,0.5409090909090909,Sy,-0.030707023104567126,0.03637315839796145,2.5,3.9628056733104815,-0.17484678156022956,0.1134327353510953,False
haxs.stage5c2gR32.batch-statistics.v1,limit_spin_density_zero_rect2x3,rect2x3_hole_2,501,2137712089,0.5409090909090909,Sz,0.023437500000184887,0.03472874475468857,2.5,3.9628056733104815,-0.1141857667406466,0.16106076674101635,False
haxs.stage5c2gR32.batch-statistics.v1,limit_spin_density_zero_rect2x3,rect2x3_hole_2,501,2137712089,0.5727272727272726,Sx,2.4442807523015846,0.008109270999854302,2.5,3.9628056733104815,2.41214528717695,2.476416217426219,False
haxs.stage5c2gR32.batch-statistics.v1,limit_spin_density_zero_rect2x3,rect2x3_hole_2,501,2137712089,0.5727272727272726,Sy,-0.03146018448590103,0.03662484583358025,2.5,3.9628056733104815,-0.17659733133933458,0.11367696236753254,False
haxs.stage5c2gR32.batch-statistics.v1,limit_spin_density_zero_rect2x3,rect2x3_hole_2,501,2137712089,0.5727272727272726,Sz,0.0234375000001894,0.034728744754708,2.5,3.9628056733104815,-0.11418576674071909,0.1610607667410979,False
haxs.stage5c2gR32.batch-statistics.v1,limit_spin_density_zero_rect2x3,rect2x3_hole_2,501,2137712089,0.6045454545454545,Sx,2.4373976375440134,0.008459821164210452,2.5,3.9628056733104815,2.403873010239288,2.470922264848739,False
haxs.stage5c2gR32.batch-statistics.v1,limit_spin_density_zero_rect2x3,rect2x3_hole_2,501,2137712089,0.6045454545454545,Sy,-0.03217427020959773,0.03688626935372408,2.5,3.9628056733104815,-0.17834738767179406,0.1139988472525986,False
haxs.stage5c2gR32.batch-statistics.v1,limit_spin_density_zero_rect2x3,rect2x3_hole_2,501,2137712089,0.6045454545454545,Sz,0.023437500000177258,0.03472874475472467,2.5,3.9628056733104815,-0.11418576674079729,0.1610607667411518,False
haxs.stage5c2gR32.batch-statistics.v1,limit_spin_density_zero_rect2x3,rect2x3_hole_2,501,2137712089,0.6363636363636362,Sx,2.430267288498499,0.008803158191881473,2.5,3.9628056733104815,2.3953820832726613,2.4651524937243368,False
haxs.stage5c2gR32.batch-statistics.v1,limit_spin_density_zero_rect2x3,rect2x3_hole_2,501,2137712089,0.6363636363636362,Sy,-0.032848578539295833,0.03715668133705263,2.5,3.9628056733104815,-0.18009328614315767,0.11439612906456602,False
haxs.stage5c2gR32.batch-statistics.v1,limit_spin_density_zero_rect2x3,rect2x3_hole_2,501,2137712089,0.6363636363636362,Sz,0.023437500000146317,0.03472874475473848,2.5,3.9628056733104815,-0.11418576674088295,0.1610607667411756,False
haxs.stage5c2gR32.batch-statistics.v1,limit_spin_density_zero_rect2x3,rect2x3_hole_2,501,2137712089,0.6681818181818181,Sx,2.4229187276011324,0.009140266190561895,2.5,3.9628056733104815,2.3866976288856057,2.459139826316659,False
haxs.stage5c2gR32.batch-statistics.v1,limit_spin_density_zero_rect2x3,rect2x3_hole_2,501,2137712089,0.6681818181818181,Sy,-0.03348337029838098,0.0374353655679177,2.5,3.9628056733104815,-0.18183244935337708,0.11486570875661514,False
haxs.stage5c2gR32.batch-statistics.v1,limit_spin_density_zero_rect2x3,rect2x3_hole_2,501,2137712089,0.6681818181818181,Sz,0.02343750000009505,0.0347287447547494,2.5,3.9628056733104815,-0.11418576674097751,0.1610607667411676,False
haxs.stage5c2gR32.batch-statistics.v1,limit_spin_density_zero_rect2x3,rect2x3_hole_2,501,2137712089,0.7,Sx,2.4153802267626117,0.009472108761104709,2.5,3.9628056733104815,2.377844100425892,2.452916353099331,False
haxs.stage5c2gR32.batch-statistics.v1,limit_spin_density_zero_rect2x3,rect2x3_hole_2,501,2137712089,0.7,Sy,-0.03407985969220277,0.037721633952617906,2.5,3.9628056733104815,-0.1835633647261783,0.11540364534177273,False
haxs.stage5c2gR32.batch-statistics.v1,limit_spin_density_zero_rect2x3,rect2x3_hole_2,501,2137712089,0.7,Sz,0.023437500000023096,0.034728744754757554,2.5,3.9628056733104815,-0.11418576674108177,0.16106076674112796,False
haxs.stage5c2gR32.batch-statistics.v1,limit_spin_density_zero_rect2x3,rect2x3_hole_2,501,2137712089,0.7318181818181817,Sx,2.4076788129324043,0.009799612155268216,2.5,3.9628056733104815,2.368844854287265,2.4465127715775434,False
haxs.stage5c2gR32.batch-statistics.v1,limit_spin_density_zero_rect2x3,rect2x3_hole_2,501,2137712089,0.7318181818181817,Sy,-0.0346401770254275,0.038014822359380224,2.5,3.9628056733104815,-0.18528553074106957,0.11600517669021458,False
haxs.stage5c2gR32.batch-statistics.v1,limit_spin_density_zero_rect2x3,rect2x3_hole_2,501,2137712089,0.7318181818181817,Sz,0.0234374999999303,0.03472874475476309,2.5,3.9628056733104815,-0.11418576674119649,0.1610607667410571,False
haxs.stage5c2gR32.batch-statistics.v1,limit_spin_density_zero_rect2x3,rect2x3_hole_2,501,2137712089,0.7636363636363636,Sx,2.399839816266152,0.010123654972312105,2.5,3.9628056733104815,2.359721738907236,2.4399578936250683,False
haxs.stage5c2gR32.batch-statistics.v1,limit_spin_density_zero_rect2x3,rect2x3_hole_2,501,2137712089,0.7636363636363636,Sy,-0.035167306418102146,0.038314286384795955,2.5,3.9628056733104815,-0.1869993778726141,0.1166647650364098,False
haxs.stage5c2gR32.batch-statistics.v1,limit_spin_density_zero_rect2x3,rect2x3_hole_2,501,2137712089,0.7636363636363636,Sz,0.023437499999817892,0.034728744754766325,2.5,3.9628056733104815,-0.11418576674132172,0.1610607667409575,False
haxs.stage5c2gR32.batch-statistics.v1,limit_spin_density_zero_rect2x3,rect2x3_hole_2,501,2137712089,0.7954545454545454,Sx,2.3918864743836767,0.010445064272370543,2.5,3.9628056733104815,2.3504947144270343,2.433278234340319,False
haxs.stage5c2gR32.batch-statistics.v1,limit_spin_density_zero_rect2x3,rect2x3_hole_2,501,2137712089,0.7954545454545454,Sy,-0.035665002731996555,0.038619397771823834,2.5,3.9628056733104815,-0.1887061713220142,0.1173761658580211,False
haxs.stage5c2gR32.batch-statistics.v1,limit_spin_density_zero_rect2x3,rect2x3_hole_2,501,2137712089,0.7954545454545454,Sz,0.023437499999687538,0.034728744754767615,2.5,3.9628056733104815,-0.11418576674145718,0.16106076674083225,False
haxs.stage5c2gR32.batch-statistics.v1,limit_spin_density_zero_rect2x3,rect2x3_hole_2,501,2137712089,0.8272727272727272,Sx,2.3838396025374973,0.010764617278418232,2.5,3.9628056733104815,2.3411815161155656,2.426497688959429,False
haxs.stage5c2gR32.batch-statistics.v1,limit_spin_density_zero_rect2x3,rect2x3_hole_2,501,2137712089,0.8272727272727272,Sy,-0.036137692642924386,0.0389295420268718,2.5,3.9628056733104815,-0.19040790264639076,0.118132517360542,False
haxs.stage5c2gR32.batch-statistics.v1,limit_spin_density_zero_rect2x3,rect2x3_hole_2,501,2137712089,0.8272727272727272,Sz,0.023437499999541752,0.03472874475476742,2.5,3.9628056733104815,-0.11418576674160222,0.16106076674068573,False
haxs.stage5c2gR32.batch-statistics.v1,limit_spin_density_zero_rect2x3,rect2x3_hole_2,501,2137712089,0.859090909090909,Sx,2.37571733545919,0.011083047244171381,2.5,3.9628056733104815,2.3317973729624195,2.4196372979559606,False
haxs.stage5c2gR32.batch-statistics.v1,limit_spin_density_zero_rect2x3,rect2x3_hole_2,501,2137712089,0.859090909090909,Sy,-0.03659036508676162,0.039244117538832834,2.5,3.9628056733104815,-0.19210717671371175,0.11892644654018852,False
haxs.stage5c2gR32.batch-statistics.v1,limit_spin_density_zero_rect2x3,rect2x3_hole_2,501,2137712089,0.859090909090909,Sz,0.02343749999938374,0.03472874475476624,2.5,3.9628056733104815,-0.11418576674175554,0.16106076674052303,False
haxs.stage5c2gR32.batch-statistics.v1,limit_spin_density_zero_rect2x3,rect2x3_hole_2,501,2137712089,0.8909090909090909,Sx,2.3675349426293635,0.011401051673663584,2.5,3.9628056733104815,2.3223547903752633,2.4127150948834637,False
haxs.stage5c2gR32.batch-statistics.v1,limit_spin_density_zero_rect2x3,rect2x3_hole_2,501,2137712089,0.8909090909090909,Sy,-0.0370284561608742,0.03956253623514042,2.5,3.9628056733104815,-0.19380709920404016,0.11975018688229178,False
haxs.stage5c2gR32.batch-statistics.v1,limit_spin_density_zero_rect2x3,rect2x3_hole_2,501,2137712089,0.8909090909090909,Sz,0.023437499999217015,0.03472874475476445,2.5,3.9628056733104815,-0.11418576674191519,0.16106076674034922,False
haxs.stage5c2gR32.batch-statistics.v1,limit_spin_density_zero_rect2x3,rect2x3_hole_2,501,2137712089,0.9227272727272726,Sx,2.35930471512208,0.011719300946500227,2.5,3.9628056733104815,2.312863402844056,2.405746027400104,False
haxs.stage5c2gR32.batch-statistics.v1,limit_spin_density_zero_rect2x3,rect2x3_hole_2,501,2137712089,0.9227272727272726,Sy,-0.03745773301523281,0.03988422556463139,2.5,3.9628056733104815,-0.19551116835834903,0.12059570232788341,False
haxs.stage5c2gR32.batch-statistics.v1,limit_spin_density_zero_rect2x3,rect2x3_hole_2,501,2137712089,0.9227272727272726,Sz,0.023437499999045864,0.03472874475476269,2.5,3.9628056733104815,-0.11418576674207935,0.16106076674017109,False
haxs.stage5c2gR32.batch-statistics.v1,limit_spin_density_zero_rect2x3,rect2x3_hole_2,501,2137712089,0.9545454545454545,Sx,2.351035919321826,0.012038445542864023,2.5,3.9628056733104815,2.3033298990267252,2.398741939616927,False
haxs.stage5c2gR32.batch-statistics.v1,limit_spin_density_zero_rect2x3,rect2x3_hole_2,501,2137712089,0.9545454545454545,Sy,-0.03788418039399374,0.040208631412691806,2.5,3.9628056733104815,-0.19722317307225887,0.12145481228427138,False
haxs.stage5c2gR32.batch-statistics.v1,limit_spin_density_zero_rect2x3,rect2x3_hole_2,501,2137712089,0.9545454545454545,Sz,0.023437499998874824,0.034728744754761356,2.5,3.9628056733104815,-0.11418576674224512,0.16106076673999475,False
haxs.stage5c2gR32.batch-statistics.v1,limit_spin_density_zero_rect2x3,rect2x3_hole_2,501,2137712089,0.9863636363636362,Sx,2.342734810890265,0.012359120439949824,2.5,3.9628056733104815,2.2937580182937043,2.3917116034868253,False
haxs.stage5c2gR32.batch-statistics.v1,limit_spin_density_zero_rect2x3,rect2x3_hole_2,501,2137712089,0.9863636363636362,Sy,-0.03831389239598449,0.04053522145486648,2.5,3.9628056733104815,-0.19894709794622611,0.12231931315425715,False
haxs.stage5c2gR32.batch-statistics.v1,limit_spin_density_zero_rect2x3,rect2x3_hole_2,501,2137712089,0.9863636363636362,Sz,0.02343749999870847,0.03472874475476089,2.5,3.9628056733104815,-0.1141857667424096,0.16106076673982656,False
haxs.stage5c2gR32.batch-statistics.v1,limit_spin_density_zero_rect2x3,rect2x3_hole_2,501,2137712089,1.018181818181818,Sx,2.334404701418922,0.012681945794402334,2.5,3.9628056733104815,2.2841486146762486,2.3846607881615958,False
haxs.stage5c2gR32.batch-statistics.v1,limit_spin_density_zero_rect2x3,rect2x3_hole_2,501,2137712089,1.018181818181818,Sy,-0.0387529708402923,0.040863488447016386,2.5,3.9628056733104815,-0.20068703468938615,0.12318109300880153,False
haxs.stage5c2gR32.batch-statistics.v1,limit_spin_density_zero_rect2x3,rect2x3_hole_2,501,2137712089,1.018181818181818,Sz,0.02343749999855151,0.034728744754761676,2.5,3.9628056733104815,-0.11418576674256968,0.1610607667396727,False
haxs.stage5c2gR32.batch-statistics.v1,limit_spin_density_zero_rect2x3,rect2x3_hole_2,501,2137712089,1.0499999999999998,Sx,2.3260460701467216,0.01300752363865546,2.5,3.9628056733104815,2.2744997816757375,2.3775923586177057,False
haxs.stage5c2gR32.batch-statistics.v1,limit_spin_density_zero_rect2x3,rect2x3_hole_2,501,2137712089,1.0499999999999998,Sy,-0.039207430489030096,0.041192953022035725,2.5,3.9628056733104815,-0.2024470984251654,0.12403223744710522,False
haxs.stage5c2gR32.batch-statistics.v1,limit_spin_density_zero_rect2x3,rect2x3_hole_2,501,2137712089,1.0499999999999998,Sz,0.023437499998408804,0.03472874475476387,2.5,3.9628056733104815,-0.11418576674272107,0.16106076673953867,False
haxs.stage5c2gR32.batch-statistics.v1,limit_spin_density_zero_rect2x3,rect2x3_hole_2,501,2137712089,1.0818181818181818,Sx,2.3176567137464077,0.013336430904226843,2.5,3.9628056733104815,2.2648070296974243,2.370506397795391,False
haxs.stage5c2gR32.batch-statistics.v1,limit_spin_density_zero_rect2x3,rect2x3_hole_2,501,2137712089,1.0818181818181818,Sy,-0.03968311042595337,0.04152316569076681,2.5,3.9628056733104815,-0.20423134699913523,0.12486512614722847,False
haxs.stage5c2gR32.batch-statistics.v1,limit_spin_density_zero_rect2x3,rect2x3_hole_2,501,2137712089,1.0818181818181818,Sz,0.023437499998284598,0.034728744754767754,2.5,3.9628056733104815,-0.11418576674286068,0.16106076673942987,False
haxs.stage5c2gR32.batch-statistics.v1,limit_spin_density_zero_rect2x3,rect2x3_hole_2,501,2137712089,1.1136363636363635,Sx,2.309231928222539,0.01366920955803578,2.5,3.9628056733104815,2.2550635070362848,2.363400349408793,False
haxs.stage5c2gR32.batch-statistics.v1,limit_spin_density_zero_rect2x3,rect2x3_hole_2,501,2137712089,1.1136363636363635,Sy,-0.04018559022918257,0.041853707897097844,2.5,3.9628056733104815,-0.20604370133288163,0.12567252087451647,False
haxs.stage5c2gR32.batch-statistics.v1,limit_spin_density_zero_rect2x3,rect2x3_hole_2,501,2137712089,1.1136363636363635,Sz,0.023437499998182634,0.034728744754773305,2.5,3.9628056733104815,-0.11418576674298465,0.16106076673934994,False
haxs.stage5c2gR32.batch-statistics.v1,limit_spin_density_zero_rect2x3,rect2x3_hole_2,501,2137712089,1.1454545454545453,Sx,2.300764718139394,0.01400635494345004,2.5,3.9628056733104815,2.24526025530709,2.3562691809716982,False
haxs.stage5c2gR32.batch-statistics.v1,limit_spin_density_zero_rect2x3,rect2x3_hole_2,501,2137712089,1.1454545454545453,Sy,-0.04072010928721444,0.042184192123838324,2.5,3.9628056733104815,-0.2078878651595803,0.1264476465851514,False
haxs.stage5c2gR32.batch-statistics.v1,limit_spin_density_zero_rect2x3,rect2x3_hole_2,501,2137712089,1.1454545454545453,Sz,0.023437499998105987,0.034728744754780494,2.5,3.9628056733104815,-0.11418576674308978,0.16106076673930175,False
haxs.stage5c2gR32.batch-statistics.v1,limit_spin_density_zero_rect2x3,rect2x3_hole_2,501,2137712089,1.1772727272727272,Sx,2.2922460294692506,0.014348303536663975,2.5,3.9628056733104815,2.2353864908117775,2.3491055681267237,False
haxs.stage5c2gR32.batch-statistics.v1,limit_spin_density_zero_rect2x3,rect2x3_hole_2,501,2137712089,1.1772727272727272,Sy,-0.04129148772372788,0.04251426116303784,2.5,3.9628056733104815,-0.2097672430572177,0.12718426760976195,False
haxs.stage5c2gR32.batch-statistics.v1,limit_spin_density_zero_rect2x3,rect2x3_hole_2,501,2137712089,1.1772727272727272,Sz,0.023437499998056777,0.03472874475478919,2.5,3.9628056733104815,-0.11418576674317343,0.161060766739287,False
haxs.stage5c2gR32.batch-statistics.v1,limit_spin_density_zero_rect2x3,rect2x3_hole_2,501,2137712089,1.209090909090909,Sx,2.2836650031519268,0.014695421276766561,2.5,3.9628056733104815,2.2254299043446686,2.341900101959185,False
haxs.stage5c2gR32.batch-statistics.v1,limit_spin_density_zero_rect2x3,rect2x3_hole_2,501,2137712089,1.209090909090909,Sy,-0.04190404790274841,0.042843586738606575,2.5,3.9628056733104815,-0.21168485649546825,0.12787676068997145,False
haxs.stage5c2gR32.batch-statistics.v1,limit_spin_density_zero_rect2x3,rect2x3_hole_2,501,2137712089,1.209090909090909,Sz,0.02343749999803604,0.0347287447547992,2.5,3.9628056733104815,-0.11418576674323386,0.16106076673930594,False
haxs.stage5c2gR32.batch-statistics.v1,limit_spin_density_zero_rect2x3,rect2x3_hole_2,501,2137712089,1.2409090909090907,Sx,2.2750092469030414,0.015047993446847754,2.5,3.9628056733104815,2.215376973099934,2.334641520706149,False
haxs.stage5c2gR32.batch-statistics.v1,limit_spin_density_zero_rect2x3,rect2x3_hole_2,501,2137712089,1.2409090909090907,Sy,-0.042561536316656816,0.043171867698490046,2.5,3.9628056733104815,-0.2136432585596427,0.12852018592632905,False
haxs.stage5c2gR32.batch-statistics.v1,limit_spin_density_zero_rect2x3,rect2x3_hole_2,501,2137712089,1.2409090909090907,Sz,0.02343749999804342,0.03472874475481022,2.5,3.9628056733104815,-0.11418576674327013,0.161060766739357,False
haxs.stage5c2gR32.batch-statistics.v1,limit_spin_density_zero_rect2x3,rect2x3_hole_2,501,2137712089,1.2727272727272725,Sx,2.2662651229003177,0.015406216829927134,2.5,3.9628056733104815,2.205213279442431,2.3273169663582043,False
haxs.stage5c2gR32.batch-statistics.v1,limit_spin_density_zero_rect2x3,rect2x3_hole_2,501,2137712089,1.2727272727272725,Sy,-0.04326704670791589,0.043498827985928246,2.5,3.9628056733104815,-0.21564444903290908,0.1291103556170773,False
haxs.stage5c2gR32.batch-statistics.v1,limit_spin_density_zero_rect2x3,rect2x3_hole_2,501,2137712089,1.2727272727272725,Sz,0.02343749999807756,0.034728744754821995,2.5,3.9628056733104815,-0.11418576674328265,0.16106076673943778,False
haxs.stage5c2gR32.batch-statistics.v1,limit_spin_density_zero_rect2x3,rect2x3_hole_2,501,2137712089,1.3045454545454545,Sx,2.2574180487750195,0.015770194593258697,2.5,3.9628056733104815,2.1949238321716438,2.3199122653783952,False
haxs.stage5c2gR32.batch-statistics.v1,limit_spin_density_zero_rect2x3,rect2x3_hole_2,501,2137712089,1.3045454545454545,Sy,-0.044022946403361726,0.0438242145680268,2.5,3.9628056733104815,-0.21768979252191417,0.12964389971519075,False
haxs.stage5c2gR32.batch-statistics.v1,limit_spin_density_zero_rect2x3,rect2x3_hole_2,501,2137712089,1.3045454545454545,Sz,0.023437499998135745,0.0347287447548341,2.5,3.9628056733104815,-0.11418576674327244,0.16106076673954392,False
haxs.stage5c2gR32.batch-statistics.v1,limit_spin_density_zero_rect2x3,rect2x3_hole_2,501,2137712089,1.3363636363636362,Sx,2.248452808932865,0.016139934111472316,2.5,3.9628056733104815,2.184493386469065,2.312412231396665,False
haxs.stage5c2gR32.batch-statistics.v1,limit_spin_density_zero_rect2x3,rect2x3_hole_2,501,2137712089,1.3363636363636362,Sy,-0.04483080889519341,0.04414779545986466,2.5,3.9628056733104815,-0.2197799432076958,0.13011832541730897,False
haxs.stage5c2gR32.batch-statistics.v1,limit_spin_density_zero_rect2x3,rect2x3_hole_2,501,2137712089,1.3363636363636362,Sz,0.02343749999821427,0.0347287447548463,2.5,3.9628056733104815,-0.1141857667432423,0.16106076673967082,False
haxs.stage5c2gR32.batch-statistics.v1,limit_spin_density_zero_rect2x3,rect2x3_hole_2,501,2137712089,1.368181818181818,Sx,2.2393538727229467,0.0165153477479995,2.5,3.9628056733104815,2.173906758970479,2.3048009864754144,False
haxs.stage5c2gR32.batch-statistics.v1,limit_spin_density_zero_rect2x3,rect2x3_hole_2,501,2137712089,1.368181818181818,Sy,-0.045691356536717305,0.04446935794575086,2.5,3.9628056733104815,-0.22191478049261334,0.13053206741917875,False
haxs.stage5c2gR32.batch-statistics.v1,limit_spin_density_zero_rect2x3,rect2x3_hole_2,501,2137712089,1.368181818181818,Sz,0.023437499998308346,0.03472874475485823,2.5,3.9628056733104815,-0.11418576674319547,0.16106076673981218,False
haxs.stage5c2gR32.batch-statistics.v1,limit_spin_density_zero_rect2x3,rect2x3_hole_2,501,2137712089,1.4,Sx,2.2301057154473507,0.016896256480549206,2.5,3.9628056733104815,2.1631491344085214,2.29706229648618,False
haxs.stage5c2gR32.batch-statistics.v1,limit_spin_density_zero_rect2x3,rect2x3_hole_2,501,2137712089,1.4,Sy,-0.04660441770631331,0.04478870707266196,2.5,3.9628056733104815,-0.22409336019409942,0.13088452478147278,False
haxs.stage5c2gR32.batch-statistics.v1,limit_spin_density_zero_rect2x3,rect2x3_hole_2,501,2137712089,1.4,Sz,0.02343749999841259,0.03472874475486965,2.5,3.9628056733104815,-0.1141857667431365,0.16106076673996167,False
haxs.stage5c2gR32.batch-statistics.v1,limit_spin_density_zero_rect2x3,rect2x3_hole_2,502,3490303771,0.0,Sx,2.5,0.0,2.5,3.9628056733104815,2.5,2.5,False
haxs.stage5c2gR32.batch-statistics.v1,limit_spin_density_zero_rect2x3,rect2x3_hole_2,502,3490303771,0.0,Sy,-0.0234375,0.035247138339001505,2.5,3.9628056733104815,-0.16311505977775453,0.11624005977775453,False
haxs.stage5c2gR32.batch-statistics.v1,limit_spin_density_zero_rect2x3,rect2x3_hole_2,502,3490303771,0.0,Sz,0.0302734375,0.036283069912152965,2.5,3.9628056733104815,-0.11350931779300061,0.1740561927930006,False
haxs.stage5c2gR32.batch-statistics.v1,limit_spin_density_zero_rect2x3,rect2x3_hole_2,502,3490303771,0.031818181818181815,Sx,2.5003132493255746,0.0005313286673721512,2.5,3.9628056733104815,2.49820769706812,2.5024188015830293,False
haxs.stage5c2gR32.batch-statistics.v1,limit_spin_density_zero_rect2x3,rect2x3_hole_2,502,3490303771,0.031818181818181815,Sy,-0.024389204548329765,0.035224018008161176,2.5,3.9628056733104815,-0.16397514294786145,0.11519673385120191,False
haxs.stage5c2gR32.batch-statistics.v1,limit_spin_density_zero_rect2x3,rect2x3_hole_2,502,3490303771,0.031818181818181815,Sz,0.030273437499932908,0.0362830699121554,2.5,3.9628056733104815,-0.11350931779307735,0.17405619279294318,False
haxs.stage5c2gR32.batch-statistics.v1,limit_spin_density_zero_rect2x3,rect2x3_hole_2,502,3490303771,0.06363636363636363,Sx,2.5000408478383953,0.0010600109639136632,2.5,3.9628056733104815,2.495840230376827,2.504241465299964,False
haxs.stage5c2gR32.batch-statistics.v1,limit_spin_density_zero_rect2x3,rect2x3_hole_2,502,3490303771,0.06363636363636363,Sy,-0.02534451196645085,0.03522140044784258,2.5,3.9628056733104815,-0.16492007748310178,0.11423105355020008,False
haxs.stage5c2gR32.batch-statistics.v1,limit_spin_density_zero_rect2x3,rect2x3_hole_2,502,3490303771,0.06363636363636363,Sz,0.030273437499861347,0.036283069912163075,2.5,3.9628056733104815,-0.11350931779317931,0.17405619279290202,False
haxs.stage5c2gR32.batch-statistics.v1,limit_spin_density_zero_rect2x3,rect2x3_hole_2,502,3490303771,0.09545454545454544,Sx,2.499184489383138,0.0015846908085918462,2.5,3.9628056733104815,2.4929046676564073,2.505464311109869,False
haxs.stage5c2gR32.batch-statistics.v1,limit_spin_density_zero_rect2x3,rect2x3_hole_2,502,3490303771,0.09545454545454544,Sy,-0.026301601912490768,0.03523919003744096,2.5,3.9628056733104815,-0.16594766411572798,0.11334446029074645,False
haxs.stage5c2gR32.batch-statistics.v1,limit_spin_density_zero_rect2x3,rect2x3_hole_2,502,3490303771,0.09545454545454544,Sz,0.030273437499789713,0.036283069912175725,2.5,3.9628056733104815,-0.11350931779330108,0.1740561927928805,False
haxs.stage5c2gR32.batch-statistics.v1,limit_spin_density_zero_rect2x3,rect2x3_hole_2,502,3490303771,0.12727272727272726,Sx,2.4977488024107353,0.002104094721715858,2.5,3.9628056733104815,2.489410683910337,2.5060869209111334,False
haxs.stage5c2gR32.batch-statistics.v1,limit_spin_density_zero_rect2x3,rect2x3_hole_2,502,3490303771,0.12727272727272726,Sy,-0.02725880381835766,0.035277216879466354,2.5,3.9628056733104815,-0.16705555900691121,0.1125379513701959,False
haxs.stage5c2gR32.batch-statistics.v1,limit_spin_density_zero_rect2x3,rect2x3_hole_2,502,3490303771,0.12727272727272726,Sz,0.030273437499723096,0.03628306991219318,2.5,3.9628056733104815,-0.11350931779343688,0.1740561927928831,False
haxs.stage5c2gR32.batch-statistics.v1,limit_spin_density_zero_rect2x3,rect2x3_hole_2,502,3490303771,0.15909090909090906,Sx,2.4957413636338517,0.0026170557424100996,2.5,3.9628056733104815,2.485370480290459,2.5061122469772443,False
haxs.stage5c2gR32.batch-statistics.v1,limit_spin_density_zero_rect2x3,rect2x3_hole_2,502,3490303771,0.15909090909090906,Sy,-0.02821461732563501,0.035335239010664925,2.5,3.9628056733104815,-0.16824130294487982,0.11181206829360979,False
haxs.stage5c2gR32.batch-statistics.v1,limit_spin_density_zero_rect2x3,rect2x3_hole_2,502,3490303771,0.15909090909090906,Sz,0.030273437499666267,0.03628306991221499,2.5,3.9628056733104815,-0.11350931779358014,0.17405619279291268,False
haxs.stage5c2gR32.batch-statistics.v1,limit_spin_density_zero_rect2x3,rect2x3_hole_2,502,3490303771,0.1909090909090909,Sx,2.493172682723313,0.003122534631367842,2.5,3.9628056733104815,2.48079868477102,2.505546680675606,False
haxs.stage5c2gR32.batch-statistics.v1,limit_spin_density_zero_rect2x3,rect2x3_hole_2,502,3490303771,0.1909090909090909,Sy,-0.02916773188530438,0.03541294510674589,2.5,3.9628056733104815,-0.16950235166294966,0.11116688789234089,False
haxs.stage5c2gR32.batch-statistics.v1,limit_spin_density_zero_rect2x3,rect2x3_hole_2,502,3490303771,0.1909090909090909,Sz,0.030273437499623725,0.03628306991224052,2.5,3.9628056733104815,-0.11350931779372386,0.1740561927929713,False
haxs.stage5c2gR32.batch-statistics.v1,limit_spin_density_zero_rect2x3,rect2x3_hole_2,502,3490303771,0.22272727272727272,Sx,2.4900561536439825,0.0036196376732630826,2.5,3.9628056733104815,2.475712232937047,2.504400074350918,False
haxs.stage5c2gR32.batch-statistics.v1,limit_spin_density_zero_rect2x3,rect2x3_hole_2,502,3490303771,0.22272727272727272,Sy,-0.030117045603040894,0.035509957722080134,2.5,3.9628056733104815,-0.1708361075231154,0.1106020163170336,False
haxs.stage5c2gR32.batch-statistics.v1,limit_spin_density_zero_rect2x3,rect2x3_hole_2,502,3490303771,0.22272727272727272,Sz,0.03027343749959946,0.036283069912269095,2.5,3.9628056733104815,-0.11350931779386134,0.17405619279306025,False
haxs.stage5c2gR32.batch-statistics.v1,limit_spin_density_zero_rect2x3,rect2x3_hole_2,502,3490303771,0.2545454545454545,Sx,2.486407968353972,0.004107630450700118,2.5,3.9628056733104815,2.4701302271000745,2.5026857096078694,False
haxs.stage5c2gR32.batch-statistics.v1,limit_spin_density_zero_rect2x3,rect2x3_hole_2,502,3490303771,0.2545454545454545,Sy,-0.031061683287098345,0.03562583710179308,2.5,3.9628056733104815,-0.172239952670519,0.1101165860963223,False
haxs.stage5c2gR32.batch-statistics.v1,limit_spin_density_zero_rect2x3,rect2x3_hole_2,502,3490303771,0.2545454545454545,Sz,0.030273437499596746,0.036283069912299994,2.5,3.9628056733104815,-0.11350931779398651,0.17405619279318,False
haxs.stage5c2gR32.batch-statistics.v1,limit_spin_density_zero_rect2x3,rect2x3_hole_2,502,3490303771,0.2863636363636363,Sx,2.4822469890567653,0.004585947066846337,2.5,3.9628056733104815,2.4640737720027652,2.5004202061107654,False
haxs.stage5c2gR32.batch-statistics.v1,limit_spin_density_zero_rect2x3,rect2x3_hole_2,502,3490303771,0.2863636363636363,Sy,-0.03200101349538944,0.03576008557994326,2.5,3.9628056733104815,-0.17371128350965692,0.10970925651887803,False
haxs.stage5c2gR32.batch-statistics.v1,limit_spin_density_zero_rect2x3,rect2x3_hole_2,502,3490303771,0.2863636363636363,Sz,0.030273437499617764,0.0362830699123323,2.5,3.9628056733104815,-0.11350931779409353,0.17405619279332907,False
haxs.stage5c2gR32.batch-statistics.v1,limit_spin_density_zero_rect2x3,rect2x3_hole_2,502,3490303771,0.3181818181818181,Sx,2.4775945760263136,0.005054194456083038,2.5,3.9628056733104815,2.457565785561733,2.497623366490894,False
haxs.stage5c2gR32.batch-statistics.v1,limit_spin_density_zero_rect2x3,rect2x3_hole_2,502,3490303771,0.3181818181818181,Sy,-0.032934664190428294,0.035912152535704116,2.5,3.9628056733104815,-0.17524754599970796,0.10937821761885139,False
haxs.stage5c2gR32.batch-statistics.v1,limit_spin_density_zero_rect2x3,rect2x3_hole_2,502,3490303771,0.3181818181818181,Sz,0.030273437499664047,0.03628306991236534,2.5,3.9628056733104815,-0.11350931779417814,0.17405619279350623,False
haxs.stage5c2gR32.batch-statistics.v1,limit_spin_density_zero_rect2x3,rect2x3_hole_2,502,3490303771,0.35,Sx,2.472474369221401,0.005512151641634758,2.5,3.9628056733104815,2.450630783423783,2.494317955019019,False
haxs.stage5c2gR32.batch-statistics.v1,limit_spin_density_zero_rect2x3,rect2x3_hole_2,502,3490303771,0.35,Sy,-0.03386253640839998,0.03608143982453478,2.5,3.9628056733104815,-0.17684627084627716,0.1091211980294772,False
haxs.stage5c2gR32.batch-statistics.v1,limit_spin_density_zero_rect2x3,rect2x3_hole_2,502,3490303771,0.35,Sz,0.030273437499735795,0.036283069912398186,2.5,3.9628056733104815,-0.11350931779423656,0.17405619279370815,False
haxs.stage5c2gR32.batch-statistics.v1,limit_spin_density_zero_rect2x3,rect2x3_hole_2,502,3490303771,0.3818181818181818,Sx,2.4669120234386264,0.0059597640652113365,2.5,3.9628056733104815,2.443294636589415,2.490529410287838,False
haxs.stage5c2gR32.batch-statistics.v1,limit_spin_density_zero_rect2x3,rect2x3_hole_2,502,3490303771,0.3818181818181818,Sy,-0.03478481514878829,0.03626730754097284,2.5,3.9628056733104815,-0.17850510722785146,0.10893547693027489,False
haxs.stage5c2gR32.batch-statistics.v1,limit_spin_density_zero_rect2x3,rect2x3_hole_2,502,3490303771,0.3818181818181818,Sz,0.03027343749983276,0.03628306991243019,2.5,3.9628056733104815,-0.11350931779426641,0.17405619279393192,False
haxs.stage5c2gR32.batch-statistics.v1,limit_spin_density_zero_rect2x3,rect2x3_hole_2,502,3490303771,0.4136363636363636,Sx,2.4609348985614052,0.006397133403549107,2.5,3.9628056733104815,2.435584302016897,2.4862854951059137,False
haxs.stage5c2gR32.batch-statistics.v1,limit_spin_density_zero_rect2x3,rect2x3_hole_2,502,3490303771,0.4136363636363636,Sy,-0.03570197651273282,0.03646907991371194,2.5,3.9628056733104815,-0.18022185329520382,0.10881790026973817,False
haxs.stage5c2gR32.batch-statistics.v1,limit_spin_density_zero_rect2x3,rect2x3_hole_2,502,3490303771,0.4136363636363636,Sz,0.030273437499953596,0.036283069912460636,2.5,3.9628056733104815,-0.11350931779426626,0.17405619279417345,False
haxs.stage5c2gR32.batch-statistics.v1,limit_spin_density_zero_rect2x3,rect2x3_hole_2,502,3490303771,0.44545454545454544,Sx,2.4545717084469905,0.006824503568938747,2.5,3.9628056733104815,2.4275275269864722,2.4816158899075087,False
haxs.stage5c2gR32.batch-statistics.v1,limit_spin_density_zero_rect2x3,rect2x3_hole_2,502,3490303771,0.44545454545454544,Sy,-0.03661478998003594,0.03668605109269514,2.5,3.9628056733104815,-0.18199448138152644,0.10876490142145454,False
haxs.stage5c2gR32.batch-statistics.v1,limit_spin_density_zero_rect2x3,rect2x3_hole_2,502,3490303771,0.44545454545454544,Sz,0.030273437500096673,0.03628306991248892,2.5,3.9628056733104815,-0.11350931779423526,0.1740561927944286,False
haxs.stage5c2gR32.batch-statistics.v1,limit_spin_density_zero_rect2x3,rect2x3_hole_2,502,3490303771,0.47727272727272724,Sx,2.4478521340331887,0.007242243830647892,2.5,3.9628056733104815,2.4191525290935996,2.476551738972778,False
haxs.stage5c2gR32.batch-statistics.v1,limit_spin_density_zero_rect2x3,rect2x3_hole_2,502,3490303771,0.47727272727272724,Sy,-0.03752431463212128,0.03691749057194912,2.5,3.9628056733104815,-0.18382115571502744,0.10877252645078489,False
haxs.stage5c2gR32.batch-statistics.v1,limit_spin_density_zero_rect2x3,rect2x3_hole_2,502,3490303771,0.47727272727272724,Sz,0.030273437500259664,0.03628306991251443,2.5,3.9628056733104815,-0.11350931779417335,0.17405619279469267,False
haxs.stage5c2gR32.batch-statistics.v1,limit_spin_density_zero_rect2x3,rect2x3_hole_2,502,3490303771,0.509090909090909,Sx,2.440806408199599,0.007650830160098327,2.5,3.9628056733104815,2.4104876550356265,2.471125161363571,False
haxs.stage5c2gR32.batch-statistics.v1,limit_spin_density_zero_rect2x3,rect2x3_hole_2,502,3490303771,0.509090909090909,Sy,-0.038431888112523925,0.03716264800809592,2.5,3.9628056733104815,-0.1857002404742469,0.10883646424919904,False
haxs.stage5c2gR32.batch-statistics.v1,limit_spin_density_zero_rect2x3,rect2x3_hole_2,502,3490303771,0.509090909090909,Sz,0.03027343750044003,0.03628306991253689,2.5,3.9628056733104815,-0.11350931779408197,0.17405619279496204,False
haxs.stage5c2gR32.batch-statistics.v1,limit_spin_density_zero_rect2x3,rect2x3_hole_2,502,3490303771,0.5409090909090909,Sx,2.433464881643878,0.008050825972349964,2.5,3.9628056733104815,2.401561022805814,2.465368740481942,False
haxs.stage5c2gR32.batch-statistics.v1,limit_spin_density_zero_rect2x3,rect2x3_hole_2,502,3490303771,0.5409090909090909,Sy,-0.0393391071743495,0.03742075724588549,2.5,3.9628056733104815,-0.18763029628791883,0.10895208193921985,False
haxs.stage5c2gR32.batch-statistics.v1,limit_spin_density_zero_rect2x3,rect2x3_hole_2,502,3490303771,0.5409090909090909,Sz,0.030273437500635127,0.03628306991255587,2.5,3.9628056733104815,-0.11350931779396212,0.17405619279523238,False
haxs.stage5c2gR32.batch-statistics.v1,limit_spin_density_zero_rect2x3,rect2x3_hole_2,502,3490303771,0.5727272727272726,Sx,2.42585758039823,0.008442863400257083,2.5,3.9628056733104815,2.392400153416706,2.4593150073797543,False
haxs.stage5c2gR32.batch-statistics.v1,limit_spin_density_zero_rect2x3,rect2x3_hole_2,502,3490303771,0.5727272727272726,Sy,-0.040247798798576116,0.03769103944604207,2.5,3.9628056733104815,-0.18961006374832076,0.10911446615116852,False
haxs.stage5c2gR32.batch-statistics.v1,limit_spin_density_zero_rect2x3,rect2x3_hole_2,502,3490303771,0.5727272727272726,Sz,0.030273437500842226,0.03628306991257125,2.5,3.9628056733104815,-0.11350931779381594,0.1740561927955004,False
haxs.stage5c2gR32.batch-statistics.v1,limit_spin_density_zero_rect2x3,rect2x3_hole_2,502,3490303771,0.6045454545454545,Sx,2.4180137665085883,0.008827626099594267,2.5,3.9628056733104815,2.3830315997192524,2.4529959332979243,False
haxs.stage5c2gR32.batch-statistics.v1,limit_spin_density_zero_rect2x3,rect2x3_hole_2,502,3490303771,0.6045454545454545,Sy,-0.041159981079112964,0.037972705318523904,2.5,3.9628056733104815,-0.19163843314630657,0.10931847098808066,False
haxs.stage5c2gR32.batch-statistics.v1,limit_spin_density_zero_rect2x3,rect2x3_hole_2,502,3490303771,0.6045454545454545,Sz,0.03027343750105884,0.03628306991258286,2.5,3.9628056733104815,-0.11350931779364534,0.17405619279576304,False
haxs.stage5c2gR32.batch-statistics.v1,limit_spin_density_zero_rect2x3,rect2x3_hole_2,502,3490303771,0.6363636363636362,Sx,2.4099615137478123,0.009205834359407312,2.5,3.9628056733104815,2.3734805811207966,2.446442446374828,False
haxs.stage5c2gR32.batch-statistics.v1,limit_spin_density_zero_rect2x3,rect2x3_hole_2,502,3490303771,0.6363636363636362,Sy,-0.04207781336077308,0.038264956581891024,2.5,3.9628056733104815,-0.19371440039247007,0.10955877367092393,False
haxs.stage5c2gR32.batch-statistics.v1,limit_spin_density_zero_rect2x3,rect2x3_hole_2,502,3490303771,0.6363636363636362,Sz,0.03027343750128234,0.036283069912590726,2.5,3.9628056733104815,-0.11350931779345302,0.1740561927960177,False
haxs.stage5c2gR32.batch-statistics.v1,limit_spin_density_zero_rect2x3,rect2x3_hole_2,502,3490303771,0.6681818181818181,Sx,2.401727309996102,0.009578233006355566,2.5,3.9628056733104815,2.3637706338982265,2.439683986093977,False
haxs.stage5c2gR32.batch-statistics.v1,limit_spin_density_zero_rect2x3,rect2x3_hole_2,502,3490303771,0.6681818181818181,Sy,-0.04300353548594982,0.03856698687930277,2.5,3.9628056733104815,-0.19583700989374173,0.10982993892184209,False
haxs.stage5c2gR32.batch-statistics.v1,limit_spin_density_zero_rect2x3,rect2x3_hole_2,502,3490303771,0.6681818181818181,Sz,0.030273437501510375,0.03628306991259494,2.5,3.9628056733104815,-0.11350931779324169,0.17405619279626244,False
haxs.stage5c2gR32.batch-statistics.v1,limit_spin_density_zero_rect2x3,rect2x3_hole_2,502,3490303771,0.7,Sx,2.393335697093075,0.009945582274275647,2.5,3.9628056733104815,2.353923287232199,2.4327481069539507,False
haxs.stage5c2gR32.batch-statistics.v1,limit_spin_density_zero_rect2x3,rect2x3_hole_2,502,3490303771,0.7,Sy,-0.043939396455851404,0.03887798246554366,2.5,3.9628056733104815,-0.19800528593717323,0.11012649302547042,False
haxs.stage5c2gR32.batch-statistics.v1,limit_spin_density_zero_rect2x3,rect2x3_hole_2,502,3490303771,0.7,Sz,0.030273437501740563,0.036283069912595785,2.5,3.9628056733104815,-0.11350931779301483,0.17405619279649595,False
haxs.stage5c2gR32.batch-statistics.v1,limit_spin_density_zero_rect2x3,rect2x3_hole_2,502,3490303771,0.7318181818181817,Sx,2.3848089575875915,0.01030865149154059,2.5,3.9628056733104815,2.343957774972734,2.425660140202449,False
haxs.stage5c2gR32.batch-statistics.v1,limit_spin_density_zero_rect2x3,rect2x3_hole_2,502,3490303771,0.7318181818181817,Sy,-0.04488757334150442,0.039197123021985164,2.5,3.9628056733104815,-0.2002181548304761,0.11044300814746727,False
haxs.stage5c2gR32.batch-statistics.v1,limit_spin_density_zero_rect2x3,rect2x3_hole_2,502,3490303771,0.7318181818181817,Sz,0.03027343750197029,0.0362830699125936,2.5,3.9628056733104815,-0.11350931779277645,0.17405619279671702,False
haxs.stage5c2gR32.batch-statistics.v1,limit_spin_density_zero_rect2x3,rect2x3_hole_2,502,3490303771,0.7636363636363636,Sx,2.3761668559635,0.01066821514886824,2.5,3.9628056733104815,2.3338907924474683,2.418442919479532,False
haxs.stage5c2gR32.batch-statistics.v1,limit_spin_density_zero_rect2x3,rect2x3_hole_2,502,3490303771,0.7636363636363636,Sy,-0.04585008188148441,0.039523582948052076,2.5,3.9628056733104815,-0.20247436061758256,0.11077419685461376,False
haxs.stage5c2gR32.batch-statistics.v1,limit_spin_density_zero_rect2x3,rect2x3_hole_2,502,3490303771,0.7636363636363636,Sz,0.030273437502197128,0.03628306991258877,2.5,3.9628056733104815,-0.11350931779253048,0.17405619279692475,False
haxs.stage5c2gR32.batch-statistics.v1,limit_spin_density_zero_rect2x3,rect2x3_hole_2,502,3490303771,0.7954545454545454,Sx,2.3674264397198805,0.011025050675891608,2.5,3.9628056733104815,2.3237363063529215,2.4111165730868396,False
haxs.stage5c2gR32.batch-statistics.v1,limit_spin_density_zero_rect2x3,rect2x3_hole_2,502,3490303771,0.7954545454545454,Sy,-0.046828680860852116,0.039856533417274485,2.5,3.9628056733104815,-0.20477237760531625,0.111115015883612,False
haxs.stage5c2gR32.batch-statistics.v1,limit_spin_density_zero_rect2x3,rect2x3_hole_2,502,3490303771,0.7954545454545454,Sz,0.030273437502418003,0.03628306991258189,2.5,3.9628056733104815,-0.11350931779228235,0.17405619279711837,False
haxs.stage5c2gR32.batch-statistics.v1,limit_spin_density_zero_rect2x3,rect2x3_hole_2,502,3490303771,0.8272727272727272,Sx,2.3586019032831467,0.011379937098215758,2.5,3.9628056733104815,2.313505423988421,2.4036983825778724,False
haxs.stage5c2gR32.batch-statistics.v1,limit_spin_density_zero_rect2x3,rect2x3_hole_2,502,3490303771,0.8272727272727272,Sy,-0.0478247730493988,0.040195145381003654,2.5,3.9628056733104815,-0.20711032320477968,0.11146077710598207,False
haxs.stage5c2gR32.batch-statistics.v1,limit_spin_density_zero_rect2x3,rect2x3_hole_2,502,3490303771,0.8272727272727272,Sz,0.030273437502629518,0.03628306991257354,2.5,3.9628056733104815,-0.11350931779203773,0.17405619279729675,False
haxs.stage5c2gR32.batch-statistics.v1,limit_spin_density_zero_rect2x3,rect2x3_hole_2,502,3490303771,0.859090909090909,Sx,2.3497045152939826,0.011733653683714004,2.5,3.9628056733104815,2.3032063259075004,2.396202704680465,False
haxs.stage5c2gR32.batch-statistics.v1,limit_spin_density_zero_rect2x3,rect2x3_hole_2,502,3490303771,0.859090909090909,Sy,-0.04883930614270234,0.04053859356882392,2.5,3.9628056733104815,-0.2094858747252656,0.11180726243986089,False
haxs.stage5c2gR32.batch-statistics.v1,limit_spin_density_zero_rect2x3,rect2x3_hole_2,502,3490303771,0.859090909090909,Sz,0.030273437502827846,0.036283069912564386,2.5,3.9628056733104815,-0.11350931779180315,0.17405619279745885,False
haxs.stage5c2gR32.batch-statistics.v1,limit_spin_density_zero_rect2x3,rect2x3_hole_2,502,3490303771,0.8909090909090909,Sx,2.3407426075200446,0.012086977725251908,2.5,3.9628056733104815,2.292844263617239,2.3886409514228504,False
haxs.stage5c2gR32.batch-statistics.v1,limit_spin_density_zero_rect2x3,rect2x3_hole_2,502,3490303771,0.8909090909090909,Sy,-0.04987267773885855,0.04088606139224958,2.5,3.9628056733104815,-0.2118961937833858,0.11215083830566873,False
haxs.stage5c2gR32.batch-statistics.v1,limit_spin_density_zero_rect2x3,rect2x3_hole_2,502,3490303771,0.8909090909090909,Sz,0.03027343750300895,0.03628306991255508,2.5,3.9628056733104815,-0.11350931779158516,0.17405619279760307,False
haxs.stage5c2gR32.batch-statistics.v1,limit_spin_density_zero_rect2x3,rect2x3_hole_2,502,3490303771,0.9227272727272726,Sx,2.3317216216556047,0.01244068074494259,2.5,3.9628056733104815,2.2824216214197017,2.3810216218915077,False
haxs.stage5c2gR32.batch-statistics.v1,limit_spin_density_zero_rect2x3,rect2x3_hole_2,502,3490303771,0.9227272727272726,Sy,-0.0509246488301415,0.04123674652946799,2.5,3.9628056733104815,-0.21433786192598356,0.11248856426570056,False
haxs.stage5c2gR32.batch-statistics.v1,limit_spin_density_zero_rect2x3,rect2x3_hole_2,502,3490303771,0.9227272727272726,Sz,0.030273437503168056,0.036283069912546255,2.5,3.9628056733104815,-0.11350931779139109,0.1740561927977272,False
haxs.stage5c2gR32.batch-statistics.v1,limit_spin_density_zero_rect2x3,rect2x3_hole_2,502,3490303771,0.9545454545454545,Sx,2.322644208711951,0.012795522629702712,2.5,3.9628056733104815,2.2719380390419928,2.3733503783819097,False
haxs.stage5c2gR32.batch-statistics.v1,limit_spin_density_zero_rect2x3,rect2x3_hole_2,502,3490303771,0.9545454545454545,Sy,-0.05199427052343017,0.041589866872999745,2.5,3.9628056733104815,-0.2168068309199812,0.11281828987312087,False
haxs.stage5c2gR32.batch-statistics.v1,limit_spin_density_zero_rect2x3,rect2x3_hole_2,502,3490303771,0.9545454545454545,Sz,0.03027343750330072,0.03628306991253862,2.5,3.9628056733104815,-0.11350931779122816,0.1740561927978296,False
haxs.stage5c2gR32.batch-statistics.v1,limit_spin_density_zero_rect2x3,rect2x3_hole_2,502,3490303771,0.9863636363636362,Sx,2.3135103746570107,0.013152243495844098,2.5,3.9628056733104815,2.2613905895149187,2.3656301597991027,False
haxs.stage5c2gR32.batch-statistics.v1,limit_spin_density_zero_rect2x3,rect2x3_hole_2,502,3490303771,0.9863636363636362,Sy,-0.05307982866468462,0.041944666472339895,2.5,3.9628056733104815,-0.2192983909263891,0.11313873359701986,False
haxs.stage5c2gR32.batch-statistics.v1,limit_spin_density_zero_rect2x3,rect2x3_hole_2,502,3490303771,0.9863636363636362,Sz,0.030273437503402226,0.036283069912532634,2.5,3.9628056733104815,-0.11350931779110293,0.17405619279790738,False
haxs.stage5c2gR32.batch-statistics.v1,limit_spin_density_zero_rect2x3,rect2x3_hole_2,502,3490303771,1.018181818181818,Sx,2.3043176654530546,0.013511553399266766,2.5,3.9628056733104815,2.250774004987203,2.3578613259189063,False
haxs.stage5c2gR32.batch-statistics.v1,limit_spin_density_zero_rect2x3,rect2x3_hole_2,502,3490303771,1.018181818181818,Sy,-0.054178810687042514,0.04230042110479926,2.5,3.9628056733104815,-0.22180715942456342,0.1134495380504784,False
haxs.stage5c2gR32.batch-statistics.v1,limit_spin_density_zero_rect2x3,rect2x3_hole_2,502,3490303771,1.018181818181818,Sz,0.030273437503468482,0.036283069912528804,2.5,3.9628056733104815,-0.1135093177910215,0.17405619279795845,False
haxs.stage5c2gR32.batch-statistics.v1,limit_spin_density_zero_rect2x3,rect2x3_hole_2,502,3490303771,1.0499999999999998,Sx,2.29506138462795,0.013874120319650525,2.5,3.9628056733104815,2.2400809419130465,2.3500418273428534,False
haxs.stage5c2gR32.batch-statistics.v1,limit_spin_density_zero_rect2x3,rect2x3_hole_2,502,3490303771,1.0499999999999998,Sy,-0.05528789831132218,0.04265644315606072,2.5,3.9628056733104815,-0.22432709325340566,0.11375129663076132,False
haxs.stage5c2gR32.batch-statistics.v1,limit_spin_density_zero_rect2x3,rect2x3_hole_2,502,3490303771,1.0499999999999998,Sz,0.03027343750349627,0.03628306991252729,2.5,3.9628056733104815,-0.1135093177909877,0.17405619279798024,False
haxs.stage5c2gR32.batch-statistics.v1,limit_spin_density_zero_rect2x3,rect2x3_hole_2,502,3490303771,1.0818181818181818,Sx,2.2857348369076176,0.014240557113640922,2.5,3.9628056733104815,2.2293022763865795,2.3421673974286557,False
haxs.stage5c2gR32.batch-statistics.v1,limit_spin_density_zero_rect2x3,rect2x3_hole_2,502,3490303771,1.0818181818181818,Sy,-0.05640298871572188,0.04301208557627069,2.5,3.9628056733104815,-0.2268515254582833,0.11404554802683953,False
haxs.stage5c2gR32.batch-statistics.v1,limit_spin_density_zero_rect2x3,rect2x3_hole_2,502,3490303771,1.0818181818181818,Sz,0.03027343750348295,0.036283069912528415,2.5,3.9628056733104815,-0.1135093177910055,0.1740561927979714,False
haxs.stage5c2gR32.batch-statistics.v1,limit_spin_density_zero_rect2x3,rect2x3_hole_2,502,3490303771,1.1136363636363635,Sx,2.2763295921041657,0.014611408320470233,2.5,3.9628056733104815,2.2184274203167504,2.334231763891581,False
haxs.stage5c2gR32.batch-statistics.v1,limit_spin_density_zero_rect2x3,rect2x3_hole_2,502,3490303771,1.1136363636363635,Sy,-0.057519245505608635,0.043366744781961064,2.5,3.9628056733104815,-0.22937322776057165,0.11433473674935438,False
haxs.stage5c2gR32.batch-statistics.v1,limit_spin_density_zero_rect2x3,rect2x3_hole_2,502,3490303771,1.1136363636363635,Sz,0.030273437503427415,0.03628306991253207,2.5,3.9628056733104815,-0.11350931779107552,0.17405619279793036,False
haxs.stage5c2gR32.batch-statistics.v1,limit_spin_density_zero_rect2x3,rect2x3_hole_2,502,3490303771,1.1454545454545453,Sx,2.266835764246042,0.014987137791278197,2.5,3.9628056733104815,2.207444649580079,2.326226878912005,False
haxs.stage5c2gR32.batch-statistics.v1,limit_spin_density_zero_rect2x3,rect2x3_hole_2,502,3490303771,1.1454545454545453,Sy,-0.05863117933222535,0.04371986248147074,2.5,3.9628056733104815,-0.23188449841015168,0.11462213974570097,False
haxs.stage5c2gR32.batch-statistics.v1,limit_spin_density_zero_rect2x3,rect2x3_hole_2,502,3490303771,1.1454545454545453,Sz,0.030273437503330013,0.036283069912538206,2.5,3.9628056733104815,-0.11350931779119723,0.17405619279785725,False
haxs.stage5c2gR32.batch-statistics.v1,limit_spin_density_zero_rect2x3,rect2x3_hole_2,502,3490303771,1.1772727272727272,Sx,2.2572423017084806,0.015368118091987378,2.5,3.9628056733104815,2.1963414361454476,2.3181431672715136,False
haxs.stage5c2gR32.batch-statistics.v1,limit_spin_density_zero_rect2x3,rect2x3_hole_2,502,3490303771,1.1772727272727272,Sy,-0.059732756431830195,0.04407092649621295,2.5,3.9628056733104815,-0.2343772739790721,0.1149117611154117,False
haxs.stage5c2gR32.batch-statistics.v1,limit_spin_density_zero_rect2x3,rect2x3_hole_2,502,3490303771,1.1772727272727272,Sz,0.030273437503192446,0.036283069912546484,2.5,3.9628056733104815,-0.11350931779136761,0.1740561927977525,False
haxs.stage5c2gR32.batch-statistics.v1,limit_spin_density_zero_rect2x3,rect2x3_hole_2,502,3490303771,1.209090909090909,Sx,2.2475372847295616,0.015754622505076848,2.5,3.9628056733104815,2.185104777285578,2.309969792173545,False
haxs.stage5c2gR32.batch-statistics.v1,limit_spin_density_zero_rect2x3,rect2x3_hole_2,502,3490303771,1.209090909090909,Sy,-0.060817531798267106,0.04441947072055548,2.5,3.9628056733104815,-0.23684326237513317,0.11520819877859897,False
haxs.stage5c2gR32.batch-statistics.v1,limit_spin_density_zero_rect2x3,rect2x3_hole_2,502,3490303771,1.209090909090909,Sz,0.030273437503018055,0.036283069912556566,2.5,3.9628056733104815,-0.11350931779158194,0.17405619279761805,False
haxs.stage5c2gR32.batch-statistics.v1,limit_spin_density_zero_rect2x3,rect2x3_hole_2,502,3490303771,1.2409090909090907,Sx,2.2377082270949034,0.016146820247124615,2.5,3.9628056733104815,2.173721516213673,2.3016949379761336,False
haxs.stage5c2gR32.batch-statistics.v1,limit_spin_density_zero_rect2x3,rect2x3_hole_2,502,3490303771,1.2409090909090907,Sy,-0.06187880227805998,0.044765074403005166,2.5,3.9628056733104815,-0.23927409308845465,0.1155164885323347,False
haxs.stage5c2gR32.batch-statistics.v1,limit_spin_density_zero_rect2x3,rect2x3_hole_2,502,3490303771,1.2409090909090907,Sz,0.03027343750281151,0.036283069912567995,2.5,3.9628056733104815,-0.11350931779183378,0.1740561927974568,False
haxs.stage5c2gR32.batch-statistics.v1,limit_spin_density_zero_rect2x3,rect2x3_hole_2,502,3490303771,1.2727272727272725,Sx,2.227742378900614,0.016544775254915916,2.5,3.9628056733104815,2.1621786496567865,2.2933061081444417,False
haxs.stage5c2gR32.batch-statistics.v1,limit_spin_density_zero_rect2x3,rect2x3_hole_2,502,3490303771,1.2727272727272725,Sy,-0.06290977369456845,0.04510736094006477,2.5,3.9628056733104815,-0.2416614795359207,0.11584193214678383,False
haxs.stage5c2gR32.batch-statistics.v1,limit_spin_density_zero_rect2x3,rect2x3_hole_2,502,3490303771,1.2727272727272725,Sz,0.030273437502578788,0.03628306991258022,2.5,3.9628056733104815,-0.11350931779211494,0.17405619279727252,False
haxs.stage5c2gR32.batch-statistics.v1,limit_spin_density_zero_rect2x3,rect2x3_hole_2,502,3490303771,1.3045454545454545,Sx,2.2176270271681155,0.016948448606005306,2.5,3.9628056733104815,2.1504636188784265,2.2847904354578046,False
haxs.stage5c2gR32.batch-statistics.v1,limit_spin_density_zero_rect2x3,rect2x3_hole_2,502,3490303771,1.3045454545454545,Sy,-0.0639037352553061,0.04544599635559487,2.5,3.9628056733104815,-0.2439973874425049,0.1161899169318927,False
haxs.stage5c2gR32.batch-statistics.v1,limit_spin_density_zero_rect2x3,rect2x3_hole_2,502,3490303771,1.3045454545454545,Sz,0.03027343750232658,0.03628306991259279,2.5,3.9628056733104815,-0.11350931779241694,0.1740561927970701,False
haxs.stage5c2gR32.batch-statistics.v1,limit_spin_density_zero_rect2x3,rect2x3_hole_2,502,3490303771,1.3363636363636362,Sx,2.207349790734674,0.017357704362302658,2.5,3.9628056733104815,2.138564581412095,2.276135000057253,False
haxs.stage5c2gR32.batch-statistics.v1,limit_spin_density_zero_rect2x3,rect2x3_hole_2,502,3490303771,1.3363636363636362,Sy,-0.0648542340384387,0.04578068760029887,2.5,3.9628056733104815,-0.24627420258895788,0.11656573451208048,False
haxs.stage5c2gR32.batch-statistics.v1,limit_spin_density_zero_rect2x3,rect2x3_hole_2,502,3490303771,1.3363636363636362,Sz,0.030273437502062274,0.036283069912605166,2.5,3.9628056733104815,-0.11350931779273032,0.17405619279685486,False
haxs.stage5c2gR32.batch-statistics.v1,limit_spin_density_zero_rect2x3,rect2x3_hole_2,502,3490303771,1.368181818181818,Sx,2.1968989053648125,0.017772318385761602,2.5,3.9628056733104815,2.1264706612378363,2.2673271494917886,False
haxs.stage5c2gR32.batch-statistics.v1,limit_spin_density_zero_rect2x3,rect2x3_hole_2,502,3490303771,1.368181818181818,Sy,-0.06575524232659621,0.046111180757586655,2.5,3.9628056733104815,-0.2484848910358057,0.11697440638261328,False
haxs.stage5c2gR32.batch-statistics.v1,limit_spin_density_zero_rect2x3,rect2x3_hole_2,502,3490303771,1.368181818181818,Sz,0.030273437501793867,0.036283069912616935,2.5,3.9628056733104815,-0.11350931779304535,0.1740561927966331,False
haxs.stage5c2gR32.batch-statistics.v1,limit_spin_density_zero_rect2x3,rect2x3_hole_2,502,3490303771,1.4,Sx,2.186263494525412,0.018191989495012606,2.5,3.9628056733104815,2.114172175345771,2.258354813705053,False
haxs.stage5c2gR32.batch-statistics.v1,limit_spin_density_zero_rect2x3,rect2x3_hole_2,502,3490303771,1.4,Sy,-0.0666013109640768,0.04643725919346751,2.5,3.9628056733104815,-0.25062314514893913,0.11742052322078554,False
haxs.stage5c2gR32.batch-statistics.v1,limit_spin_density_zero_rect2x3,rect2x3_hole_2,502,3490303771,1.4,Sz,0.03027343750152894,0.036283069912627766,2.5,3.9628056733104815,-0.11350931779335321,0.1740561927964111,False
haxs.stage5c2gR32.batch-statistics.v1,limit_spin_density_zero_rect2x3,rect2x3_hole_2,503,1141384763,0.0,Sx,2.5,0.0,2.5,3.9628056733104815,2.5,2.5,False
haxs.stage5c2gR32.batch-statistics.v1,limit_spin_density_zero_rect2x3,rect2x3_hole_2,503,1141384763,0.0,Sy,0.01171875,0.03462443623304141,2.5,3.9628056733104815,-0.1254911623394735,0.1489286623394735,False
haxs.stage5c2gR32.batch-statistics.v1,limit_spin_density_zero_rect2x3,rect2x3_hole_2,503,1141384763,0.0,Sz,-0.0693359375,0.03466876536673551,2.5,3.9628056733104815,-0.2067215175819694,0.06804964258196941,False
haxs.stage5c2gR32.batch-statistics.v1,limit_spin_density_zero_rect2x3,rect2x3_hole_2,503,1141384763,0.031818181818181815,Sx,2.499758222201413,0.0005070368825074183,2.5,3.9628056733104815,2.497748933566835,2.5017675108359914,False
haxs.stage5c2gR32.batch-statistics.v1,limit_spin_density_zero_rect2x3,rect2x3_hole_2,503,1141384763,0.031818181818181815,Sy,0.013302925318910416,0.0346532605456866,2.5,3.9628056733104815,-0.1240212121702427,0.15062706280806354,False
haxs.stage5c2gR32.batch-statistics.v1,limit_spin_density_zero_rect2x3,rect2x3_hole_2,503,1141384763,0.031818181818181815,Sz,-0.06933593749997943,0.03466876536674188,2.5,3.9628056733104815,-0.20672151758197407,0.06804964258201521,False
haxs.stage5c2gR32.batch-statistics.v1,limit_spin_density_zero_rect2x3,rect2x3_hole_2,503,1141384763,0.06363636363636363,Sx,2.498892225420148,0.0010120698990403005,2.5,3.9628056733104815,2.4948815890824445,2.5029028617578515,False
haxs.stage5c2gR32.batch-statistics.v1,limit_spin_density_zero_rect2x3,rect2x3_hole_2,503,1141384763,0.06363636363636363,Sy,0.01490576619693984,0.034702497737994144,2.5,3.9628056733104815,-0.12261348871722749,0.15242502111110717,False
haxs.stage5c2gR32.batch-statistics.v1,limit_spin_density_zero_rect2x3,rect2x3_hole_2,503,1141384763,0.06363636363636363,Sz,-0.06933593749997818,0.03466876536675454,2.5,3.9628056733104815,-0.206721517582023,0.06804964258206664,False
haxs.stage5c2gR32.batch-statistics.v1,limit_spin_density_zero_rect2x3,rect2x3_hole_2,503,1141384763,0.09545454545454544,Sx,2.4974059503142856,0.0015134782494962858,2.5,3.9628056733104815,2.4914083301207497,2.5034035705078215,False
haxs.stage5c2gR32.batch-statistics.v1,limit_spin_density_zero_rect2x3,rect2x3_hole_2,503,1141384763,0.09545454545454544,Sy,0.016528754435527294,0.03477198187001411,2.5,3.9628056733104815,-0.12126585259121384,0.1543233614622684,False
haxs.stage5c2gR32.batch-statistics.v1,limit_spin_density_zero_rect2x3,rect2x3_hole_2,503,1141384763,0.09545454545454544,Sz,-0.06933593749999388,0.0346687653667731,2.5,3.9628056733104815,-0.20672151758211227,0.0680496425821245,False
haxs.stage5c2gR32.batch-statistics.v1,limit_spin_density_zero_rect2x3,rect2x3_hole_2,503,1141384763,0.12727272727272726,Sx,2.495307147243931,0.0020097166410840473,2.5,3.9628056733104815,2.4873430307368967,2.5032712637509658,False
haxs.stage5c2gR32.batch-statistics.v1,limit_spin_density_zero_rect2x3,rect2x3_hole_2,503,1141384763,0.12727272727272726,Sy,0.018173198142101176,0.034861475178384935,2.5,3.9628056733104815,-0.11997605347477518,0.15632244975897752,False
haxs.stage5c2gR32.batch-statistics.v1,limit_spin_density_zero_rect2x3,rect2x3_hole_2,503,1141384763,0.12727272727272726,Sz,-0.06933593750002416,0.03466876536679715,2.5,3.9628056733104815,-0.20672151758223783,0.06804964258218953,False
haxs.stage5c2gR32.batch-statistics.v1,limit_spin_density_zero_rect2x3,rect2x3_hole_2,503,1141384763,0.15909090909090906,Sx,2.4926073343515487,0.002499354930787385,2.5,3.9628056733104815,2.482702876452208,2.5025117922508895,False
haxs.stage5c2gR32.batch-statistics.v1,limit_spin_density_zero_rect2x3,rect2x3_hole_2,503,1141384763,0.15909090909090906,Sy,0.019840198036025384,0.03497066886654001,2.5,3.9628056733104815,-0.11874176694776159,0.15842216301981235,False
haxs.stage5c2gR32.batch-statistics.v1,limit_spin_density_zero_rect2x3,rect2x3_hole_2,503,1141384763,0.15909090909090906,Sz,-0.06933593750006588,0.034668765366826074,2.5,3.9628056733104815,-0.20672151758239415,0.06804964258226241,False
haxs.stage5c2gR32.batch-statistics.v1,limit_spin_density_zero_rect2x3,rect2x3_hole_2,503,1141384763,0.1909090909090909,Sx,2.489321720814606,0.002981116353706008,2.5,3.9628056733104815,2.4775081360153415,2.5011353056138708,False
haxs.stage5c2gR32.batch-statistics.v1,limit_spin_density_zero_rect2x3,rect2x3_hole_2,503,1141384763,0.1909090909090909,Sy,0.021530615862403915,0.035099184202521325,2.5,3.9628056733104815,-0.11756063042391722,0.16062186214872504,False
haxs.stage5c2gR32.batch-statistics.v1,limit_spin_density_zero_rect2x3,rect2x3_hole_2,503,1141384763,0.1909090909090909,Sz,-0.06933593750011602,0.034668765366859096,2.5,3.9628056733104815,-0.20672151758257518,0.06804964258234314,False
haxs.stage5c2gR32.batch-statistics.v1,limit_spin_density_zero_rect2x3,rect2x3_hole_2,503,1141384763,0.22272727272727272,Sx,2.48546909123381,0.003453912442796195,2.5,3.9628056733104815,2.4717819074103797,2.4991562750572403,False
haxs.stage5c2gR32.batch-statistics.v1,limit_spin_density_zero_rect2x3,rect2x3_hole_2,503,1141384763,0.22272727272727272,Sy,0.023245045359199638,0.03524657405056817,2.5,3.9628056733104815,-0.11643027825314992,0.16292036897154918,False
haxs.stage5c2gR32.batch-statistics.v1,limit_spin_density_zero_rect2x3,rect2x3_hole_2,503,1141384763,0.22272727272727272,Sz,-0.06933593750017142,0.03466876536689526,2.5,3.9628056733104815,-0.2067215175827739,0.06804964258243107,False
haxs.stage5c2gR32.batch-statistics.v1,limit_spin_density_zero_rect2x3,rect2x3_hole_2,503,1141384763,0.2545454545454545,Sx,2.481071646252845,0.003916872628720767,2.5,3.9628056733104815,2.465549841178116,2.4965934513275743,False
haxs.stage5c2gR32.batch-statistics.v1,limit_spin_density_zero_rect2x3,rect2x3_hole_2,503,1141384763,0.2545454545454545,Sy,0.024983786228983344,0.0354123249551774,2.5,3.9628056733104815,-0.115348376008508,0.16531594846647468,False
haxs.stage5c2gR32.batch-statistics.v1,limit_spin_density_zero_rect2x3,rect2x3_hole_2,503,1141384763,0.2545454545454545,Sz,-0.06933593750022896,0.03466876536693371,2.5,3.9628056733104815,-0.2067215175829838,0.06804964258252588,False
haxs.stage5c2gR32.batch-statistics.v1,limit_spin_density_zero_rect2x3,rect2x3_hole_2,503,1141384763,0.2863636363636363,Sx,2.4761547941579147,0.004369366577040491,2.5,3.9628056733104815,2.4588398434976453,2.493469744818184,False
haxs.stage5c2gR32.batch-statistics.v1,limit_spin_density_zero_rect2x3,rect2x3_hole_2,503,1141384763,0.2863636363636363,Sy,0.026746821571683774,0.03559585986524321,2.5,3.9628056733104815,-0.11431265384866689,0.16780629699203442,False
haxs.stage5c2gR32.batch-statistics.v1,limit_spin_density_zero_rect2x3,rect2x3_hole_2,503,1141384763,0.2863636363636363,Sz,-0.06933593750028601,0.034668765366973366,2.5,3.9628056733104815,-0.206721517583198,0.06804964258262598,False
haxs.stage5c2gR32.batch-statistics.v1,limit_spin_density_zero_rect2x3,rect2x3_hole_2,503,1141384763,0.3181818181818181,Sx,2.470746888559386,0.00481101760110497,2.5,3.9628056733104815,2.451681760715331,2.4898120164034414,False
haxs.stage5c2gR32.batch-statistics.v1,limit_spin_density_zero_rect2x3,rect2x3_hole_2,503,1141384763,0.3181818181818181,Sy,0.028533799244086305,0.035796541533447204,2.5,3.9628056733104815,-0.11332093862955256,0.17038853711772517,False
haxs.stage5c2gR32.batch-statistics.v1,limit_spin_density_zero_rect2x3,rect2x3_hole_2,503,1141384763,0.3181818181818181,Sz,-0.06933593750034014,0.034668765367013375,2.5,3.9628056733104815,-0.20672151758341067,0.06804964258273039,False
haxs.stage5c2gR32.batch-statistics.v1,limit_spin_density_zero_rect2x3,rect2x3_hole_2,503,1141384763,0.35,Sx,2.4648789084263494,0.005241705980723411,2.5,3.9628056733104815,2.444107046228113,2.4856507706245856,False
haxs.stage5c2gR32.batch-statistics.v1,limit_spin_density_zero_rect2x3,rect2x3_hole_2,503,1141384763,0.35,Sy,0.030344017628358776,0.036013676558121904,2.5,3.9628056733104815,-0.1123711841529354,0.17305921940965296,False
haxs.stage5c2gR32.batch-statistics.v1,limit_spin_density_zero_rect2x3,rect2x3_hole_2,503,1141384763,0.35,Sz,-0.06933593750038909,0.03466876536705281,2.5,3.9628056733104815,-0.2067215175836159,0.06804964258283773,False
haxs.stage5c2gR32.batch-statistics.v1,limit_spin_density_zero_rect2x3,rect2x3_hole_2,503,1141384763,0.3818181818181818,Sx,2.4585840787421724,0.005661561684032507,2.5,3.9628056733104815,2.436148409980891,2.4810197475034537,False
haxs.stage5c2gR32.batch-statistics.v1,limit_spin_density_zero_rect2x3,rect2x3_hole_2,503,1141384763,0.3818181818181818,Sy,0.0321764163139571,0.03624651996054392,2.5,3.9628056733104815,-0.11146149862344795,0.17581433125136214,False
haxs.stage5c2gR32.batch-statistics.v1,limit_spin_density_zero_rect2x3,rect2x3_hole_2,503,1141384763,0.3818181818181818,Sz,-0.06933593750043118,0.034668765367090695,2.5,3.9628056733104815,-0.20672151758380813,0.06804964258294577,False
haxs.stage5c2gR32.batch-statistics.v1,limit_spin_density_zero_rect2x3,rect2x3_hole_2,503,1141384763,0.4136363636363636,Sx,2.45189743277742,0.00607094676760394,2.5,3.9628056733104815,2.427839450484393,2.475955415070447,False
haxs.stage5c2gR32.batch-statistics.v1,limit_spin_density_zero_rect2x3,rect2x3_hole_2,503,1141384763,0.4136363636363636,Sy,0.03402957221770141,0.036494280121784635,2.5,3.9628056733104815,-0.11059016809228867,0.1786493125276915,False
haxs.stage5c2gR32.batch-statistics.v1,limit_spin_density_zero_rect2x3,rect2x3_hole_2,503,1141384763,0.4136363636363636,Sz,-0.06933593750046461,0.0346687653671263,2.5,3.9628056733104815,-0.20672151758398266,0.06804964258305342,False
haxs.stage5c2gR32.batch-statistics.v1,limit_spin_density_zero_rect2x3,rect2x3_hole_2,503,1141384763,0.44545454545454544,Sx,2.4448553202334216,0.0064704285310422235,2.5,3.9628056733104815,2.4192142693418575,2.4704963711249857,False
haxs.stage5c2gR32.batch-statistics.v1,limit_spin_density_zero_rect2x3,rect2x3_hole_2,503,1141384763,0.44545454545454544,Sy,0.035901701672923954,0.03675612385275206,2.5,3.9628056733104815,-0.10975567445966461,0.1815590778055125,False
haxs.stage5c2gR32.batch-statistics.v1,limit_spin_density_zero_rect2x3,rect2x3_hole_2,503,1141384763,0.44545454545454544,Sz,-0.06933593750048779,0.03466876536715903,2.5,3.9628056733104815,-0.20672151758413554,0.06804964258315994,False
haxs.stage5c2gR32.batch-statistics.v1,limit_spin_density_zero_rect2x3,rect2x3_hole_2,503,1141384763,0.47727272727272724,Sx,2.43749486901235,0.006860745232621349,2.5,3.9628056733104815,2.4103070688813806,2.4646826691433197,False
haxs.stage5c2gR32.batch-statistics.v1,limit_spin_density_zero_rect2x3,rect2x3_hole_2,503,1141384763,0.47727272727272724,Sy,0.03779066899375519,0.037031181350856146,2.5,3.9628056733104815,-0.10895670655280684,0.18453804454031722,False
haxs.stage5c2gR32.batch-statistics.v1,limit_spin_density_zero_rect2x3,rect2x3_hole_2,503,1141384763,0.47727272727272724,Sz,-0.06933593750049925,0.03466876536718828,2.5,3.9628056733104815,-0.20672151758426288,0.06804964258326439,False
haxs.stage5c2gR32.batch-statistics.v1,limit_spin_density_zero_rect2x3,rect2x3_hole_2,503,1141384763,0.509090909090909,Sx,2.4298534117942308,0.007242766744825999,2.5,3.9628056733104815,2.4011517346473696,2.458555088941092,False
haxs.stage5c2gR32.batch-statistics.v1,limit_spin_density_zero_rect2x3,rect2x3_hole_2,503,1141384763,0.509090909090909,Sy,0.03969400194710503,0.03731855081542484,2.5,3.9628056733104815,-0.10819216294398601,0.1875801668381961,False
haxs.stage5c2gR32.batch-statistics.v1,limit_spin_density_zero_rect2x3,rect2x3_hole_2,503,1141384763,0.509090909090909,Sz,-0.06933593750049763,0.03466876536721367,2.5,3.9628056733104815,-0.2067215175843619,0.06804964258336665,False
haxs.stage5c2gR32.batch-statistics.v1,limit_spin_density_zero_rect2x3,rect2x3_hole_2,503,1141384763,0.5409090909090909,Sx,2.421967891622462,0.007617452876762448,2.5,3.9628056733104815,2.3917814061462526,2.4521543770986716,False
haxs.stage5c2gR32.batch-statistics.v1,limit_spin_density_zero_rect2x3,rect2x3_hole_2,503,1141384763,0.5409090909090909,Sy,0.04160891442752406,0.03761730255448755,2.5,3.9628056733104815,-0.10746114555003608,0.19067897440508422,False
haxs.stage5c2gR32.batch-statistics.v1,limit_spin_density_zero_rect2x3,rect2x3_hole_2,503,1141384763,0.5409090909090909,Sz,-0.06933593750048159,0.03466876536723486,2.5,3.9628056733104815,-0.20672151758442983,0.06804964258346666,False
haxs.stage5c2gR32.batch-statistics.v1,limit_spin_density_zero_rect2x3,rect2x3_hole_2,503,1141384763,0.5727272727272726,Sx,2.4138742630325187,0.007985812177759006,2.5,3.9628056733104815,2.3822280412285033,2.445520484836534,False
haxs.stage5c2gR32.batch-statistics.v1,limit_spin_density_zero_rect2x3,rect2x3_hole_2,503,1141384763,0.5727272727272726,Sy,0.043532336420091605,0.03792648251328227,2.5,3.9628056733104815,-0.10676294365225414,0.19382761649243735,False
haxs.stage5c2gR32.batch-statistics.v1,limit_spin_density_zero_rect2x3,rect2x3_hole_2,503,1141384763,0.5727272727272726,Sz,-0.06933593750044989,0.03466876536725176,2.5,3.9628056733104815,-0.2067215175844651,0.06804964258356533,False
haxs.stage5c2gR32.batch-statistics.v1,limit_spin_density_zero_rect2x3,rect2x3_hole_2,503,1141384763,0.6045454545454545,Sx,2.405606906685662,0.00834886385937596,2.5,3.9628056733104815,2.37252198161803,2.4386918317532937,False
haxs.stage5c2gR32.batch-statistics.v1,limit_spin_density_zero_rect2x3,rect2x3_hole_2,503,1141384763,0.6045454545454545,Sy,0.045460951054670656,0.03824511527741307,2.5,3.9628056733104815,-0.1060970087430752,0.19701891085241652,False
haxs.stage5c2gR32.batch-statistics.v1,limit_spin_density_zero_rect2x3,rect2x3_hole_2,503,1141384763,0.6045454545454545,Sz,-0.06933593750040146,0.034668765367264445,2.5,3.9628056733104815,-0.20672151758446694,0.06804964258366403,False
haxs.stage5c2gR32.batch-statistics.v1,limit_spin_density_zero_rect2x3,rect2x3_hole_2,503,1141384763,0.6363636363636362,Sx,2.397198075856154,0.008707605058344782,2.5,3.9628056733104815,2.3626915291299984,2.43170462258231,False
haxs.stage5c2gR32.batch-statistics.v1,limit_spin_density_zero_rect2x3,rect2x3_hole_2,503,1141384763,0.6363636363636362,Sy,0.04739123821385105,0.038572206731885314,2.5,3.9628056733104815,-0.10546292145536881,0.2002453978830709,False
haxs.stage5c2gR32.batch-statistics.v1,limit_spin_density_zero_rect2x3,rect2x3_hole_2,503,1141384763,0.6363636363636362,Sz,-0.06933593750033609,0.034668765367272925,2.5,3.9628056733104815,-0.2067215175844352,0.068049642583763,False
haxs.stage5c2gR32.batch-statistics.v1,limit_spin_density_zero_rect2x3,rect2x3_hole_2,503,1141384763,0.6681818181818181,Sx,2.3886773924228617,0.009062985062073557,2.5,3.9628056733104815,2.3527625438017483,2.424592241043975,False
haxs.stage5c2gR32.batch-statistics.v1,limit_spin_density_zero_rect2x3,rect2x3_hole_2,503,1141384763,0.6681818181818181,Sy,0.049319523781153826,0.03890674666846714,2.5,3.9628056733104815,-0.10486035264670145,0.20349940020900908,False
haxs.stage5c2gR32.batch-statistics.v1,limit_spin_density_zero_rect2x3,rect2x3_hole_2,503,1141384763,0.6681818181818181,Sz,-0.06933593750025362,0.034668765367277594,2.5,3.9628056733104815,-0.20672151758437118,0.06804964258386396,False
haxs.stage5c2gR32.batch-statistics.v1,limit_spin_density_zero_rect2x3,rect2x3_hole_2,503,1141384763,0.7,Sx,2.3800714082778867,0.009415887399455796,2.5,3.9628056733104815,2.3427580762720703,2.417384740283703,False
haxs.stage5c2gR32.batch-statistics.v1,limit_spin_density_zero_rect2x3,rect2x3_hole_2,503,1141384763,0.7,Sy,0.051242033240143314,0.03924771170577388,2.5,3.9628056733104815,-0.10428902137195162,0.20677308785223825,False
haxs.stage5c2gR32.batch-statistics.v1,limit_spin_density_zero_rect2x3,rect2x3_hole_2,503,1141384763,0.7,Sz,-0.06933593750015461,0.034668765367278795,2.5,3.9628056733104815,-0.20672151758427698,0.06804964258396774,False
haxs.stage5c2gR32.batch-statistics.v1,limit_spin_density_zero_rect2x3,rect2x3_hole_2,503,1141384763,0.7318181818181817,Sx,2.3714032454084957,0.009767119939600355,2.5,3.9628056733104815,2.3326980470999437,2.4101084437170477,False
haxs.stage5c2gR32.batch-statistics.v1,limit_spin_density_zero_rect2x3,rect2x3_hole_2,503,1141384763,0.7318181818181817,Sy,0.053154947999839296,0.039594068902357074,2.5,3.9628056733104815,-0.10374865287586743,0.21005854887554604,False
haxs.stage5c2gR32.batch-statistics.v1,limit_spin_density_zero_rect2x3,rect2x3_hole_2,503,1141384763,0.7318181818181817,Sz,-0.06933593750004112,0.03466876536727701,2.5,3.9628056733104815,-0.2067215175841564,0.06804964258407416,False
haxs.stage5c2gR32.batch-statistics.v1,limit_spin_density_zero_rect2x3,rect2x3_hole_2,503,1141384763,0.7636363636363636,Sx,2.362692324530206,0.010117412417496929,2.5,3.9628056733104815,2.322598985202927,2.4027856638574847,False
haxs.stage5c2gR32.batch-statistics.v1,limit_spin_density_zero_rect2x3,rect2x3_hole_2,503,1141384763,0.7636363636363636,Sy,0.0550544625691687,0.03994478039565231,2.5,3.9628056733104815,-0.10323893980186356,0.21334786494020097,False
haxs.stage5c2gR32.batch-statistics.v1,limit_spin_density_zero_rect2x3,rect2x3_hole_2,503,1141384763,0.7636363636363636,Sz,-0.06933593749991487,0.03466876536727293,2.5,3.9628056733104815,-0.206721517584014,0.06804964258418425,False
haxs.stage5c2gR32.batch-statistics.v1,limit_spin_density_zero_rect2x3,rect2x3_hole_2,503,1141384763,0.7954545454545454,Sx,2.353954188297353,0.010467420190068931,2.5,3.9628056733104815,2.3124738361832233,2.395434540411483,False
haxs.stage5c2gR32.batch-statistics.v1,limit_spin_density_zero_rect2x3,rect2x3_hole_2,503,1141384763,0.7954545454545454,Sy,0.056936840570065074,0.04029880929351146,2.5,3.9628056733104815,-0.10275950952591931,0.21663319066604944,False
haxs.stage5c2gR32.batch-statistics.v1,limit_spin_density_zero_rect2x3,rect2x3_hole_2,503,1141384763,0.7954545454545454,Sz,-0.06933593749977927,0.0346687653672671,2.5,3.9628056733104815,-0.20672151758385526,0.06804964258429673,False
haxs.stage5c2gR32.batch-statistics.v1,limit_spin_density_zero_rect2x3,rect2x3_hole_2,503,1141384763,0.8272727272727272,Sx,2.3452004210806483,0.01081773257715979,2.5,3.9628056733104815,2.302331849051524,2.3880689931097727,False
haxs.stage5c2gR32.batch-statistics.v1,limit_spin_density_zero_rect2x3,rect2x3_hole_2,503,1141384763,0.8272727272727272,Sy,0.0587984675912855,0.04065512689644057,2.5,3.9628056733104815,-0.10230989992308674,0.21990683510565773,False
haxs.stage5c2gR32.batch-statistics.v1,limit_spin_density_zero_rect2x3,rect2x3_hole_2,503,1141384763,0.8272727272727272,Sz,-0.06933593749963815,0.03466876536726031,2.5,3.9628056733104815,-0.20672151758368723,0.06804964258441093,False
haxs.stage5c2gR32.batch-statistics.v1,limit_spin_density_zero_rect2x3,rect2x3_hole_2,503,1141384763,0.859090909090909,Sx,2.336438663379186,0.011168883899406054,2.5,3.9628056733104815,2.2921785468980738,2.3806987798602983,False
haxs.stage5c2gR32.batch-statistics.v1,limit_spin_density_zero_rect2x3,rect2x3_hole_2,503,1141384763,0.859090909090909,Sy,0.06063589905339472,0.04101272116241991,2.5,3.9628056733104815,-0.10188954504694375,0.2231613431537332,False
haxs.stage5c2gR32.batch-statistics.v1,limit_spin_density_zero_rect2x3,rect2x3_hole_2,503,1141384763,0.859090909090909,Sz,-0.06933593749949574,0.034668765367253114,2.5,3.9628056733104815,-0.2067215175835163,0.06804964258452484,False
haxs.stage5c2gR32.batch-statistics.v1,limit_spin_density_zero_rect2x3,rect2x3_hole_2,503,1141384763,0.8909090909090909,Sx,2.3276727154075276,0.011521365304530086,2.5,3.9628056733104815,2.2820157836144532,2.373329647200602,False
haxs.stage5c2gR32.batch-statistics.v1,limit_spin_density_zero_rect2x3,rect2x3_hole_2,503,1141384763,0.8909090909090909,Sy,0.062445901571456165,0.04137060617060166,2.5,3.9628056733104815,-0.10149777126969772,0.22638957441261004,False
haxs.stage5c2gR32.batch-statistics.v1,limit_spin_density_zero_rect2x3,rect2x3_hole_2,503,1141384763,0.8909090909090909,Sz,-0.06933593749935693,0.03466876536724637,2.5,3.9628056733104815,-0.20672151758335078,0.06804964258463692,False
haxs.stage5c2gR32.batch-statistics.v1,limit_spin_density_zero_rect2x3,rect2x3_hole_2,503,1141384763,0.9227272727272726,Sx,2.3189027214988056,0.011875635664735573,2.5,3.9628056733104815,2.271841885112423,2.365963557885188,False
haxs.stage5c2gR32.batch-statistics.v1,limit_spin_density_zero_rect2x3,rect2x3_hole_2,503,1141384763,0.9227272727272726,Sy,0.0642254867387179,0.04172783222085239,2.5,3.9628056733104815,-0.10113380352102387,0.2295847769984597,False
haxs.stage5c2gR32.batch-statistics.v1,limit_spin_density_zero_rect2x3,rect2x3_hole_2,503,1141384763,0.9227272727272726,Sz,-0.06933593749922662,0.034668765367240596,2.5,3.9628056733104815,-0.2067215175831976,0.06804964258474436,False
haxs.stage5c2gR32.batch-statistics.v1,limit_spin_density_zero_rect2x3,rect2x3_hole_2,503,1141384763,0.9545454545454545,Sx,2.3101254248444354,0.012232130193986494,2.5,3.9628056733104815,2.2616518699150334,2.3585989797738374,False
haxs.stage5c2gR32.batch-statistics.v1,limit_spin_density_zero_rect2x3,rect2x3_hole_2,503,1141384763,0.9545454545454545,Sy,0.06597193676895179,0.04208349614027545,2.5,3.9628056733104815,-0.1007967804884715,0.23274065402637506,False
haxs.stage5c2gR32.batch-statistics.v1,limit_spin_density_zero_rect2x3,rect2x3_hole_2,503,1141384763,0.9545454545454545,Sz,-0.06933593749910984,0.03466876536723628,2.5,3.9628056733104815,-0.20672151758306373,0.06804964258484404,False
haxs.stage5c2gR32.batch-statistics.v1,limit_spin_density_zero_rect2x3,rect2x3_hole_2,503,1141384763,0.9863636363636362,Sx,2.3013344808058913,0.012591265916523858,2.5,3.9628056733104815,2.2514377407977295,2.351231220814053,False
haxs.stage5c2gR32.batch-statistics.v1,limit_spin_density_zero_rect2x3,rect2x3_hole_2,503,1141384763,0.9863636363636362,Sy,0.0676828219735059,0.042436751360630416,2.5,3.9628056733104815,-0.10048577707526661,0.2358514210222784,False
haxs.stage5c2gR32.batch-statistics.v1,limit_spin_density_zero_rect2x3,rect2x3_hole_2,503,1141384763,0.9863636363636362,Sz,-0.06933593749901136,0.03466876536723394,2.5,3.9628056733104815,-0.20672151758295598,0.06804964258493325,False
haxs.stage5c2gR32.batch-statistics.v1,limit_spin_density_zero_rect2x3,rect2x3_hole_2,503,1141384763,1.018181818181818,Sx,2.2925208165396556,0.012953443644627582,2.5,3.9628056733104815,2.2411888365758177,2.3438527965034934,False
haxs.stage5c2gR32.batch-statistics.v1,limit_spin_density_zero_rect2x3,rect2x3_hole_2,503,1141384763,1.018181818181818,Sy,0.06935601055503451,0.04278681737417206,2.5,3.9628056733104815,-0.10019983207823399,0.23891185318830302,False
haxs.stage5c2gR32.batch-statistics.v1,limit_spin_density_zero_rect2x3,rect2x3_hole_2,503,1141384763,1.018181818181818,Sz,-0.06933593749893527,0.034668765367233886,2.5,3.9628056733104815,-0.20672151758287965,0.06804964258500912,False
haxs.stage5c2gR32.batch-statistics.v1,limit_spin_density_zero_rect2x3,rect2x3_hole_2,503,1141384763,1.0499999999999998,Sx,2.2836730248393295,0.013319046618850843,2.5,3.9628056733104815,2.2308922313350608,2.3364538183435983,False
haxs.stage5c2gR32.batch-statistics.v1,limit_spin_density_zero_rect2x3,rect2x3_hole_2,503,1141384763,1.0499999999999998,Sy,0.07098967162207175,0.04313298825149339,2.5,3.9628056733104815,-0.09993797892778063,0.24191732217192413,False
haxs.stage5c2gR32.batch-statistics.v1,limit_spin_density_zero_rect2x3,rect2x3_hole_2,503,1141384763,1.0499999999999998,Sz,-0.06933593749888513,0.034668765367236315,2.5,3.9628056733104815,-0.20672151758283913,0.06804964258506889,False
haxs.stage5c2gR32.batch-statistics.v1,limit_spin_density_zero_rect2x3,rect2x3_hole_2,503,1141384763,1.0818181818181818,Sx,2.2747777807295795,0.013688436361224552,2.5,3.9628056733104815,2.2205331674585693,2.3290223940005896,False
haxs.stage5c2gR32.batch-statistics.v1,limit_spin_density_zero_rect2x3,rect2x3_hole_2,503,1141384763,1.0818181818181818,Sy,0.07258227262851352,0.04347463998957574,2.5,3.9628056733104815,-0.09969927736730796,0.244863822624335,False
haxs.stage5c2gR32.batch-statistics.v1,limit_spin_density_zero_rect2x3,rect2x3_hole_2,503,1141384763,1.0818181818181818,Sz,-0.06933593749886367,0.03466876536724123,2.5,3.9628056733104815,-0.20672151758283713,0.0680496425851098,False
haxs.stage5c2gR32.batch-statistics.v1,limit_spin_density_zero_rect2x3,rect2x3_hole_2,503,1141384763,1.1136363636363635,Sx,2.26582027023589,0.014061946544843594,2.5,3.9628056733104815,2.2100955086901948,2.321545031781585,False
haxs.stage5c2gR32.batch-statistics.v1,limit_spin_density_zero_rect2x3,rect2x3_hole_2,503,1141384763,1.1136363636363635,Sy,0.07413257259858386,0.043811236528422254,2.5,3.9628056733104815,-0.09948284407099525,0.24774798926816297,False
haxs.stage5c2gR32.batch-statistics.v1,limit_spin_density_zero_rect2x3,rect2x3_hole_2,503,1141384763,1.1136363636363635,Sz,-0.0693359374988723,0.03466876536724869,2.5,3.9628056733104815,-0.20672151758287532,0.06804964258513073,False
haxs.stage5c2gR32.batch-statistics.v1,limit_spin_density_zero_rect2x3,rect2x3_hole_2,503,1141384763,1.1454545454545453,Sx,2.256784621715954,0.014439875773267373,2.5,3.9628056733104815,2.1995622000797512,2.3140070433521567,False
haxs.stage5c2gR32.batch-statistics.v1,limit_spin_density_zero_rect2x3,rect2x3_hole_2,503,1141384763,1.1454545454545453,Sy,0.07563961250865517,0.044142334314494436,2.5,3.9628056733104815,-0.09928788034599131,0.2505671053633016,False
haxs.stage5c2gR32.batch-statistics.v1,limit_spin_density_zero_rect2x3,rect2x3_hole_2,503,1141384763,1.1454545454545453,Sz,-0.06933593749891172,0.034668765367258436,2.5,3.9628056733104815,-0.20672151758295337,0.06804964258512995,False
haxs.stage5c2gR32.batch-statistics.v1,limit_spin_density_zero_rect2x3,rect2x3_hole_2,503,1141384763,1.1772727272727272,Sx,2.247654331046,0.014822480102058092,2.5,3.9628056733104815,2.188915722805033,2.3063929392869675,False
haxs.stage5c2gR32.batch-statistics.v1,limit_spin_density_zero_rect2x3,rect2x3_hole_2,503,1141384763,1.1772727272727272,Sy,0.07710270407655237,0.0444675852942792,2.5,3.9628056733104815,-0.099113695206035,0.25331910335913976,False
haxs.stage5c2gR32.batch-statistics.v1,limit_spin_density_zero_rect2x3,rect2x3_hole_2,503,1141384763,1.1772727272727272,Sz,-0.06933593749898129,0.03466876536727028,2.5,3.9628056733104815,-0.2067215175830699,0.06804964258510732,False
haxs.stage5c2gR32.batch-statistics.v1,limit_spin_density_zero_rect2x3,rect2x3_hole_2,503,1141384763,1.209090909090909,Sx,2.2384126727570917,0.015209965960886997,2.5,3.9628056733104815,2.1781385333564294,2.298686812157754,False
haxs.stage5c2gR32.batch-statistics.v1,limit_spin_density_zero_rect2x3,rect2x3_hole_2,503,1141384763,1.209090909090909,Sy,0.07852141798224256,0.044786738200021346,2.5,3.9628056733104815,-0.09895972224587328,0.2560025582103584,False
haxs.stage5c2gR32.batch-statistics.v1,limit_spin_density_zero_rect2x3,rect2x3_hole_2,503,1141384763,1.209090909090909,Sz,-0.06933593749907953,0.03466876536728391,2.5,3.9628056733104815,-0.20672151758322216,0.06804964258506309,False
haxs.stage5c2gR32.batch-statistics.v1,limit_spin_density_zero_rect2x3,rect2x3_hole_2,503,1141384763,1.2409090909090907,Sx,2.229043089939851,0.015602483903591535,2.5,3.9628056733104815,2.167213478208963,2.290872701670739,False
haxs.stage5c2gR32.batch-statistics.v1,limit_spin_density_zero_rect2x3,rect2x3_hole_2,503,1141384763,1.2409090909090907,Sy,0.07989557224197721,0.045099637960860924,2.5,3.9628056733104815,-0.09882552893357122,0.25861667341752564,False
haxs.stage5c2gR32.batch-statistics.v1,limit_spin_density_zero_rect2x3,rect2x3_hole_2,503,1141384763,1.2409090909090907,Sz,-0.06933593749920365,0.034668765367298945,2.5,3.9628056733104815,-0.20672151758340584,0.06804964258499856,False
haxs.stage5c2gR32.batch-statistics.v1,limit_spin_density_zero_rect2x3,rect2x3_hole_2,503,1141384763,1.2727272727272725,Sx,2.2195295564642885,0.016000123385504005,2.5,3.9628056733104815,2.1561241767385457,2.2829349361900313,False
haxs.stage5c2gR32.batch-statistics.v1,limit_spin_density_zero_rect2x3,rect2x3_hole_2,503,1141384763,1.2727272727272725,Sy,0.08122522111188049,0.045406223060527995,2.5,3.9628056733104815,-0.09871081723598107,0.26116125945974206,False
haxs.stage5c2gR32.batch-statistics.v1,limit_spin_density_zero_rect2x3,rect2x3_hole_2,503,1141384763,1.2727272727272725,Sz,-0.0693359374993505,0.034668765367314974,2.5,3.9628056733104815,-0.20672151758361623,0.06804964258491521,False
haxs.stage5c2gR32.batch-statistics.v1,limit_spin_density_zero_rect2x3,rect2x3_hole_2,503,1141384763,1.3045454545454545,Sx,2.2098569059038726,0.01640290859367541,2.5,3.9628056733104815,2.1448553666700625,2.2748584451376828,False
haxs.stage5c2gR32.batch-statistics.v1,limit_spin_density_zero_rect2x3,rect2x3_hole_2,503,1141384763,1.3045454545454545,Sy,0.08251064453457986,0.04570652069003109,2.5,3.9628056733104815,-0.09861541496315825,0.263636704032318,False
haxs.stage5c2gR32.batch-statistics.v1,limit_spin_density_zero_rect2x3,rect2x3_hole_2,503,1141384763,1.3045454545454545,Sz,-0.06933593749951653,0.03466876536733165,2.5,3.9628056733104815,-0.20672151758384832,0.06804964258481527,False
haxs.stage5c2gR32.batch-statistics.v1,limit_spin_density_zero_rect2x3,rect2x3_hole_2,503,1141384763,1.3363636363636362,Sx,2.200011122600895,0.016810795268323662,2.5,3.9628056733104815,2.133393207738721,2.266629037463069,False
haxs.stage5c2gR32.batch-statistics.v1,limit_spin_density_zero_rect2x3,rect2x3_hole_2,503,1141384763,1.3363636363636362,Sy,0.08375233778838811,0.046000639624739756,2.5,3.9628056733104815,-0.09853925789244153,0.26604393346921773,False
haxs.stage5c2gR32.batch-statistics.v1,limit_spin_density_zero_rect2x3,rect2x3_hole_2,503,1141384763,1.3363636363636362,Sz,-0.06933593749969749,0.03466876536734848,2.5,3.9628056733104815,-0.206721517584096,0.068049642584701,False
haxs.stage5c2gR32.batch-statistics.v1,limit_spin_density_zero_rect2x3,rect2x3_hole_2,503,1141384763,1.368181818181818,Sx,2.1899795916082168,0.017223668460158006,2.5,3.9628056733104815,2.121725540519084,2.2582336426973497,False
haxs.stage5c2gR32.batch-statistics.v1,limit_spin_density_zero_rect2x3,rect2x3_hole_2,503,1141384763,1.368181818181818,Sy,0.08495100067604928,0.04628876089107329,2.5,3.9628056733104815,-0.09848236359360828,0.26838436494570683,False
haxs.stage5c2gR32.batch-statistics.v1,limit_spin_density_zero_rect2x3,rect2x3_hole_2,503,1141384763,1.368181818181818,Sz,-0.06933593749988963,0.034668765367365045,2.5,3.9628056733104815,-0.20672151758435375,0.06804964258457451,False
haxs.stage5c2gR32.batch-statistics.v1,limit_spin_density_zero_rect2x3,rect2x3_hole_2,503,1141384763,1.4,Sx,2.179751305760582,0.017641341251206918,2.5,3.9628056733104815,2.109842098565493,2.2496605129556713,False
haxs.stage5c2gR32.batch-statistics.v1,limit_spin_density_zero_rect2x3,rect2x3_hole_2,503,1141384763,1.4,Sy,0.08610752532338654,0.04657112646513698,2.5,3.9628056733104815,-0.09844479884511821,0.2706598494918913,False
haxs.stage5c2gR32.batch-statistics.v1,limit_spin_density_zero_rect2x3,rect2x3_hole_2,503,1141384763,1.4,Sz,-0.06933593750008935,0.03466876536738102,2.5,3.9628056733104815,-0.2067215175846168,0.0680496425844381,False
haxs.stage5c2gR32.batch-statistics.v1,limit_spin_density_zero_rect2x3,rect2x3_hole_2,504,2397673109,0.0,Sx,2.5,0.0,2.5,3.9628056733104815,2.5,2.5,False
haxs.stage5c2gR32.batch-statistics.v1,limit_spin_density_zero_rect2x3,rect2x3_hole_2,504,2397673109,0.0,Sy,-0.0341796875,0.035211454511280875,2.5,3.9628056733104815,-0.1737158392028178,0.1053564642028178,False
haxs.stage5c2gR32.batch-statistics.v1,limit_spin_density_zero_rect2x3,rect2x3_hole_2,504,2397673109,0.0,Sz,0.0283203125,0.03467016360332656,2.5,3.9628056733104815,-0.10907080852186504,0.16571143352186504,False
haxs.stage5c2gR32.batch-statistics.v1,limit_spin_density_zero_rect2x3,rect2x3_hole_2,504,2397673109,0.031818181818181815,Sx,2.4995054682537052,0.000510574851990333,2.5,3.9628056733104815,2.4974821593335883,2.501528777173822,False
haxs.stage5c2gR32.batch-statistics.v1,limit_spin_density_zero_rect2x3,rect2x3_hole_2,504,2397673109,0.031818181818181815,Sy,-0.034772117193629874,0.035210525221011695,2.5,3.9628056733104815,-0.1743045862996968,0.10476035191243704,False
haxs.stage5c2gR32.batch-statistics.v1,limit_spin_density_zero_rect2x3,rect2x3_hole_2,504,2397673109,0.031818181818181815,Sz,0.02832031250010619,0.03467016360333073,2.5,3.9628056733104815,-0.10907080852177539,0.16571143352198778,False
haxs.stage5c2gR32.batch-statistics.v1,limit_spin_density_zero_rect2x3,rect2x3_hole_2,504,2397673109,0.06363636363636363,Sx,2.4984906492053103,0.0010223545051623484,2.5,3.9628056733104815,2.4944392569721185,2.502542041438502,False
haxs.stage5c2gR32.batch-statistics.v1,limit_spin_density_zero_rect2x3,rect2x3_hole_2,504,2397673109,0.06363636363636363,Sy,-0.035377778911208316,0.03523011171805892,2.5,3.9628056733104815,-0.17498786549889428,0.10423230767647763,False
haxs.stage5c2gR32.batch-statistics.v1,limit_spin_density_zero_rect2x3,rect2x3_hole_2,504,2397673109,0.06363636363636363,Sz,0.0283203125002275,0.03467016360333955,2.5,3.9628056733104815,-0.10907080852168903,0.165711433522144,False
haxs.stage5c2gR32.batch-statistics.v1,limit_spin_density_zero_rect2x3,rect2x3_hole_2,504,2397673109,0.09545454545454544,Sx,2.4969633487351857,0.0015337336070997028,2.5,3.9628056733104815,2.490885460495624,2.5030412369747475,False
haxs.stage5c2gR32.batch-statistics.v1,limit_spin_density_zero_rect2x3,rect2x3_hole_2,504,2397673109,0.09545454545454544,Sy,-0.0359962019111789,0.03527007452398771,2.5,3.9628056733104815,-0.1757646533329209,0.10377224951056309,False
haxs.stage5c2gR32.batch-statistics.v1,limit_spin_density_zero_rect2x3,rect2x3_hole_2,504,2397673109,0.09545454545454544,Sz,0.028320312500363088,0.034670163603352865,2.5,3.9628056733104815,-0.10907080852160621,0.1657114335223324,False
haxs.stage5c2gR32.batch-statistics.v1,limit_spin_density_zero_rect2x3,rect2x3_hole_2,504,2397673109,0.12727272727272726,Sx,2.4949331884762684,0.002043090196018567,2.5,3.9628056733104815,2.486836819056401,2.5030295578961357,False
haxs.stage5c2gR32.batch-statistics.v1,limit_spin_density_zero_rect2x3,rect2x3_hole_2,504,2397673109,0.12727272727272726,Sy,-0.0366266804373756,0.035330177769583034,2.5,3.9628056733104815,-0.1766333093417471,0.10337994846699589,False
haxs.stage5c2gR32.batch-statistics.v1,limit_spin_density_zero_rect2x3,rect2x3_hole_2,504,2397673109,0.12727272727272726,Sz,0.02832031250051107,0.0346701636033704,2.5,3.9628056733104815,-0.10907080852152773,0.16571143352254986,False
haxs.stage5c2gR32.batch-statistics.v1,limit_spin_density_zero_rect2x3,rect2x3_hole_2,504,2397673109,0.15909090909090906,Sx,2.4924114860199476,0.002548819228618921,2.5,3.9628056733104815,2.4823110107205335,2.5025119613193616,False
haxs.stage5c2gR32.batch-statistics.v1,limit_spin_density_zero_rect2x3,rect2x3_hole_2,504,2397673109,0.15909090909090906,Sy,-0.03726827500754969,0.035410092821437644,2.5,3.9628056733104815,-0.17759159173279354,0.10305504171769415,False
haxs.stage5c2gR32.batch-statistics.v1,limit_spin_density_zero_rect2x3,rect2x3_hole_2,504,2397673109,0.15909090909090906,Sz,0.028320312500668837,0.034670163603391646,2.5,3.9628056733104815,-0.10907080852145414,0.1657114335227918,False
haxs.stage5c2gR32.batch-statistics.v1,limit_spin_density_zero_rect2x3,rect2x3_hole_2,504,2397673109,0.1909090909090909,Sx,2.489411151666115,0.003049366105396439,2.5,3.9628056733104815,2.4773271063636493,2.5014951969685804,False
haxs.stage5c2gR32.batch-statistics.v1,limit_spin_density_zero_rect2x3,rect2x3_hole_2,504,2397673109,0.1909090909090909,Sy,-0.037919814945051256,0.03550940303681157,2.5,3.9628056733104815,-0.1786366787551966,0.10279704886509408,False
haxs.stage5c2gR32.batch-statistics.v1,limit_spin_density_zero_rect2x3,rect2x3_hole_2,504,2397673109,0.1909090909090909,Sz,0.028320312500833486,0.03467016360341615,2.5,3.9628056733104815,-0.10907080852138658,0.16571143352305356,False
haxs.stage5c2gR32.batch-statistics.v1,limit_spin_density_zero_rect2x3,rect2x3_hole_2,504,2397673109,0.22272727272727272,Sx,2.4859466017923952,0.0035432598127187473,2.5,3.9628056733104815,2.47190535170454,2.4999878518802503,False
haxs.stage5c2gR32.batch-statistics.v1,limit_spin_density_zero_rect2x3,rect2x3_hole_2,504,2397673109,0.22272727272727272,Sy,-0.03857990194558256,0.035627609683723444,2.5,3.9628056733104815,-0.17976519572673327,0.10260539183556816,False
haxs.stage5c2gR32.batch-statistics.v1,limit_spin_density_zero_rect2x3,rect2x3_hole_2,504,2397673109,0.22272727272727272,Sz,0.028320312501001674,0.03467016360344326,2.5,3.9628056733104815,-0.10907080852132583,0.16571143352332918,False
haxs.stage5c2gR32.batch-statistics.v1,limit_spin_density_zero_rect2x3,rect2x3_hole_2,504,2397673109,0.2545454545454545,Sx,2.482033686731991,0.004029145157606477,2.5,3.9628056733104815,2.4660669674428366,2.498000406021146,False
haxs.stage5c2gR32.batch-statistics.v1,limit_spin_density_zero_rect2x3,rect2x3_hole_2,504,2397673109,0.2545454545454545,Sy,-0.03924691439893967,0.03576413903446284,2.5,3.9628056733104815,-0.18097324746577387,0.10247941866789452,False
haxs.stage5c2gR32.batch-statistics.v1,limit_spin_density_zero_rect2x3,rect2x3_hole_2,504,2397673109,0.2545454545454545,Sz,0.0283203125011696,0.03467016360347225,2.5,3.9628056733104815,-0.1090708085212728,0.16571143352361198,False
haxs.stage5c2gR32.batch-statistics.v1,limit_spin_density_zero_rect2x3,rect2x3_hole_2,504,2397673109,0.2863636363636363,Sx,2.4776896289088057,0.0045058133836032525,2.5,3.9628056733104815,2.4598339660693846,2.495545291748227,False
haxs.stage5c2gR32.batch-statistics.v1,limit_spin_density_zero_rect2x3,rect2x3_hole_2,504,2397673109,0.2863636363636363,Sy,-0.03991901215814807,0.03591835058263903,2.5,3.9628056733104815,-0.18225645562298487,0.10241843130668872,False
haxs.stage5c2gR32.batch-statistics.v1,limit_spin_density_zero_rect2x3,rect2x3_hole_2,504,2397673109,0.2863636363636363,Sz,0.028320312501333503,0.034670163603502537,2.5,3.9628056733104815,-0.10907080852122893,0.16571143352389595,False
haxs.stage5c2gR32.batch-statistics.v1,limit_spin_density_zero_rect2x3,rect2x3_hole_2,504,2397673109,0.3181818181818181,Sx,2.4729329650282335,0.004972230258638186,2.5,3.9628056733104815,2.453228982750296,2.492636947306171,False
haxs.stage5c2gR32.batch-statistics.v1,limit_spin_density_zero_rect2x3,rect2x3_hole_2,504,2397673109,0.3181818181818181,Sy,-0.0405941414864068,0.036089546248843786,2.5,3.9628056733104815,-0.18361000010852596,0.10242171713571235,False
haxs.stage5c2gR32.batch-statistics.v1,limit_spin_density_zero_rect2x3,rect2x3_hole_2,504,2397673109,0.3181818181818181,Sz,0.02832031250148941,0.03467016360353343,2.5,3.9628056733104815,-0.10907080852119543,0.16571143352417425,False
haxs.stage5c2gR32.batch-statistics.v1,limit_spin_density_zero_rect2x3,rect2x3_hole_2,504,2397673109,0.35,Sx,2.4677834845372373,0.005427560555865267,2.5,3.9628056733104815,2.4462751167742183,2.4892918523002563,False
haxs.stage5c2gR32.batch-statistics.v1,limit_spin_density_zero_rect2x3,rect2x3_hole_2,504,2397673109,0.35,Sy,-0.04127004002861859,0.036276980335809755,2.5,3.9628056733104815,-0.18502866351393826,0.10248858345670109,False
haxs.stage5c2gR32.batch-statistics.v1,limit_spin_density_zero_rect2x3,rect2x3_hole_2,504,2397673109,0.35,Sz,0.028320312501633787,0.034670163603564334,2.5,3.9628056733104815,-0.10907080852117353,0.1657114335244411,False
haxs.stage5c2gR32.batch-statistics.v1,limit_spin_density_zero_rect2x3,rect2x3_hole_2,504,2397673109,0.3818181818181818,Sx,2.462262155534353,0.005871187743583136,2.5,3.9628056733104815,2.4389957794350106,2.4855285316336952,False
haxs.stage5c2gR32.batch-statistics.v1,limit_spin_density_zero_rect2x3,rect2x3_hole_2,504,2397673109,0.3818181818181818,Sy,-0.041944241850219034,0.03647986988390935,2.5,3.9628056733104815,-0.18650687718780315,0.1026183934873651,False
haxs.stage5c2gR32.batch-statistics.v1,limit_spin_density_zero_rect2x3,rect2x3_hole_2,504,2397673109,0.3818181818181818,Sz,0.028320312501763218,0.03467016360359463,2.5,3.9628056733104815,-0.10907080852116414,0.1657114335246906,False
haxs.stage5c2gR32.batch-statistics.v1,limit_spin_density_zero_rect2x3,rect2x3_hole_2,504,2397673109,0.4136363636363636,Sx,2.456391029006033,0.0063027276949429644,2.5,3.9628056733104815,2.431414543939182,2.4813675140728844,False
haxs.stage5c2gR32.batch-statistics.v1,limit_spin_density_zero_rect2x3,rect2x3_hole_2,504,2397673109,0.4136363636363636,Sy,-0.042614082849407875,0.03669740497984931,2.5,3.9628056733104815,-0.18803876749932702,0.10281060180051127,False
haxs.stage5c2gR32.batch-statistics.v1,limit_spin_density_zero_rect2x3,rect2x3_hole_2,504,2397673109,0.4136363636363636,Sz,0.02832031250187484,0.03467016360362377,2.5,3.9628056733104815,-0.10907080852116802,0.16571143352491768,False
haxs.stage5c2gR32.batch-statistics.v1,limit_spin_density_zero_rect2x3,rect2x3_hole_2,504,2397673109,0.44545454545454544,Sx,2.450193112827489,0.00672203535024494,2.5,3.9628056733104815,2.423554993005345,2.4768312326496336,False
haxs.stage5c2gR32.batch-statistics.v1,limit_spin_density_zero_rect2x3,rect2x3_hole_2,504,2397673109,0.44545454545454544,Sy,-0.04327670715440281,0.03692875850572527,2.5,3.9628056733104815,-0.1896182008692036,0.10306478656039801,False
haxs.stage5c2gR32.batch-statistics.v1,limit_spin_density_zero_rect2x3,rect2x3_hole_2,504,2397673109,0.44545454545454544,Sz,0.02832031250196637,0.034670163603651286,2.5,3.9628056733104815,-0.1090708085211855,0.16571143352511825,False
haxs.stage5c2gR32.batch-statistics.v1,limit_spin_density_zero_rect2x3,rect2x3_hole_2,504,2397673109,0.47727272727272724,Sx,2.4436922084667825,0.007129203531442469,2.5,3.9628056733104815,2.4154405602661972,2.4719438566673677,False
haxs.stage5c2gR32.batch-statistics.v1,limit_spin_density_zero_rect2x3,rect2x3_hole_2,504,2397673109,0.47727272727272724,Sy,-0.043929075428532915,0.037173094801591464,2.5,3.9628056733104815,-0.19123882640278794,0.10338067554572211,False
haxs.stage5c2gR32.batch-statistics.v1,limit_spin_density_zero_rect2x3,rect2x3_hole_2,504,2397673109,0.47727272727272724,Sz,0.028320312502036288,0.034670163603676744,2.5,3.9628056733104815,-0.10907080852121648,0.16571143352528905,False
haxs.stage5c2gR32.batch-statistics.v1,limit_spin_density_zero_rect2x3,rect2x3_hole_2,504,2397673109,0.509090909090909,Sx,2.4369127057474502,0.007524553521244007,2.5,3.9628056733104815,2.407094362364336,2.4667310491305643,False
haxs.stage5c2gR32.batch-statistics.v1,limit_spin_density_zero_rect2x3,rect2x3_hole_2,504,2397673109,0.509090909090909,Sy,-0.044567976279268944,0.03742957676675216,2.5,3.9628056733104815,-0.1928941154401646,0.1037581628816267,False
haxs.stage5c2gR32.batch-statistics.v1,limit_spin_density_zero_rect2x3,rect2x3_hole_2,504,2397673109,0.509090909090909,Sz,0.02832031250208399,0.034670163603699844,2.5,3.9628056733104815,-0.10907080852126032,0.1657114335254283,False
haxs.stage5c2gR32.batch-statistics.v1,limit_spin_density_zero_rect2x3,rect2x3_hole_2,504,2397673109,0.5409090909090909,Sx,2.429879334227597,0.00790861755785539,2.5,3.9628056733104815,2.3985390197012846,2.461219648753909,False
haxs.stage5c2gR32.batch-statistics.v1,limit_spin_density_zero_rect2x3,rect2x3_hole_2,504,2397673109,0.5409090909090909,Sy,-0.045190042156830874,0.03769737104846158,2.5,3.9628056733104815,-0.1945773980165647,0.10419731370290297,False
haxs.stage5c2gR32.batch-statistics.v1,limit_spin_density_zero_rect2x3,rect2x3_hole_2,504,2397673109,0.5409090909090909,Sz,0.028320312502109597,0.03467016360372023,2.5,3.9628056733104815,-0.10907080852131551,0.1657114335255347,False
haxs.stage5c2gR32.batch-statistics.v1,limit_spin_density_zero_rect2x3,rect2x3_hole_2,504,2397673109,0.5727272727272726,Sx,2.4226168734964273,0.008282114016017089,2.5,3.9628056733104815,2.3897964650867505,2.455437281906104,False
haxs.stage5c2gR32.batch-statistics.v1,limit_spin_density_zero_rect2x3,rect2x3_hole_2,504,2397673109,0.5727272727272726,Sy,-0.04579177119158951,0.0379756511548014,2.5,3.9628056733104815,-0.19628189703549623,0.10469835465231722,False
haxs.stage5c2gR32.batch-statistics.v1,limit_spin_density_zero_rect2x3,rect2x3_hole_2,504,2397673109,0.5727272727272726,Sz,0.028320312502114187,0.03467016360373768,2.5,3.9628056733104815,-0.10907080852138008,0.16571143352560846,False
haxs.stage5c2gR32.batch-statistics.v1,limit_spin_density_zero_rect2x3,rect2x3_hole_2,504,2397673109,0.6045454545454545,Sx,2.415149828628214,0.008645916676244068,2.5,3.9628056733104815,2.380887740972624,2.449411916283804,False
haxs.stage5c2gR32.batch-statistics.v1,limit_spin_density_zero_rect2x3,rect2x3_hole_2,504,2397673109,0.6045454545454545,Sy,-0.04636955632380581,0.03826359856108496,2.5,3.9628056733104815,-0.19800076178294806,0.10526164913533644,False
haxs.stage5c2gR32.batch-statistics.v1,limit_spin_density_zero_rect2x3,rect2x3_hole_2,504,2397673109,0.6045454545454545,Sz,0.028320312502099643,0.03467016360375218,2.5,3.9628056733104815,-0.10907080852145205,0.16571143352565135,False
haxs.stage5c2gR32.batch-statistics.v1,limit_spin_density_zero_rect2x3,rect2x3_hole_2,504,2397673109,0.6363636363636362,Sx,2.407502080756719,0.009001020039767117,2.5,3.9628056733104815,2.3718327874775484,2.44317137403589,False
haxs.stage5c2gR32.batch-statistics.v1,limit_spin_density_zero_rect2x3,rect2x3_hole_2,504,2397673109,0.6363636363636362,Sy,-0.04691972280472666,0.03856040212445529,2.5,3.9628056733104815,-0.1997271031086516,0.1058876574991983,False
haxs.stage5c2gR32.batch-statistics.v1,limit_spin_density_zero_rect2x3,rect2x3_hole_2,504,2397673109,0.6363636363636362,Sz,0.028320312502068224,0.03467016360376353,2.5,3.9628056733104815,-0.10907080852152846,0.16571143352566492,False
haxs.stage5c2gR32.batch-statistics.v1,limit_spin_density_zero_rect2x3,rect2x3_hole_2,504,2397673109,0.6681818181818181,Sx,2.399696525810828,0.009348503034267822,2.5,3.9628056733104815,2.3626502249496713,2.4367428266719844,False
haxs.stage5c2gR32.batch-statistics.v1,limit_spin_density_zero_rect2x3,rect2x3_hole_2,504,2397673109,0.6681818181818181,Sy,-0.04743857469225654,0.038865256340613934,2.5,3.9628056733104815,-0.2014540330135076,0.1065768836289945,False
haxs.stage5c2gR32.batch-statistics.v1,limit_spin_density_zero_rect2x3,rect2x3_hole_2,504,2397673109,0.6681818181818181,Sz,0.028320312502022923,0.03467016360377189,2.5,3.9628056733104815,-0.1090708085216069,0.16571143352565276,False
haxs.stage5c2gR32.batch-statistics.v1,limit_spin_density_zero_rect2x3,rect2x3_hole_2,504,2397673109,0.7,Sx,2.39175471650046,0.00968949359567026,2.5,3.9628056733104815,2.3533571363080323,2.4301522966928877,False
haxs.stage5c2gR32.batch-statistics.v1,limit_spin_density_zero_rect2x3,rect2x3_hole_2,504,2397673109,0.7,Sy,-0.0479224503441605,0.039177359131006395,2.5,3.9628056733104815,-0.20317471137383486,0.10732981068551385,False
haxs.stage5c2gR32.batch-statistics.v1,limit_spin_density_zero_rect2x3,rect2x3_hole_2,504,2397673109,0.7,Sz,0.028320312501966906,0.03467016360377733,2.5,3.9628056733104815,-0.10907080852168446,0.16571143352561826,False
haxs.stage5c2gR32.batch-statistics.v1,limit_spin_density_zero_rect2x3,rect2x3_hole_2,504,2397673109,0.7318181818181817,Sx,2.383696523381044,0.010025136456652952,2.5,3.9628056733104815,2.3439688557549077,2.42342419100718,False
haxs.stage5c2gR32.batch-statistics.v1,limit_spin_density_zero_rect2x3,rect2x3_hole_2,504,2397673109,0.7318181818181817,Sy,-0.04836778616363999,0.039495909907446544,2.5,3.9628056733104815,-0.2048824020174288,0.10814682969014883,False
haxs.stage5c2gR32.batch-statistics.v1,limit_spin_density_zero_rect2x3,rect2x3_hole_2,504,2397673109,0.7318181818181817,Sz,0.028320312501903196,0.03467016360378021,2.5,3.9628056733104815,-0.1090708085217596,0.165711433525566,False
haxs.stage5c2gR32.batch-statistics.v1,limit_spin_density_zero_rect2x3,rect2x3_hole_2,504,2397673109,0.7636363636363636,Sx,2.375539830133399,0.010356566023087604,2.5,3.9628056733104815,2.334498771541093,2.416580888725705,False
haxs.stage5c2gR32.batch-statistics.v1,limit_spin_density_zero_rect2x3,rect2x3_hole_2,504,2397673109,0.7636363636363636,Sy,-0.04877118703159208,0.039820108608424915,2.5,3.9628056733104815,-0.20657053933689787,0.1090281652737137,False
haxs.stage5c2gR32.batch-statistics.v1,limit_spin_density_zero_rect2x3,rect2x3_hole_2,504,2397673109,0.7636363636363636,Sz,0.028320312501834727,0.034670163603780745,2.5,3.9628056733104815,-0.10907080852183018,0.16571143352549964,False
haxs.stage5c2gR32.batch-statistics.v1,limit_spin_density_zero_rect2x3,rect2x3_hole_2,504,2397673109,0.7954545454545454,Sx,2.3673002761372555,0.010684885528614496,2.5,3.9628056733104815,2.324958151145789,2.409642401128722,False
haxs.stage5c2gR32.batch-statistics.v1,limit_spin_density_zero_rect2x3,rect2x3_hole_2,504,2397673109,0.7954545454545454,Sy,-0.04912950103842309,0.04014915624120905,2.5,3.9628056733104815,-0.20823280516971523,0.10997380309286905,False
haxs.stage5c2gR32.batch-statistics.v1,limit_spin_density_zero_rect2x3,rect2x3_hole_2,504,2397673109,0.7954545454545454,Sz,0.02832031250176391,0.034670163603779364,2.5,3.9628056733104815,-0.10907080852189553,0.16571143352542334,False
haxs.stage5c2gR32.batch-statistics.v1,limit_spin_density_zero_rect2x3,rect2x3_hole_2,504,2397673109,0.8272727272727272,Sx,2.3589910562373704,0.011011152825890326,2.5,3.9628056733104815,2.3153559973492435,2.4026261151254973,False
haxs.stage5c2gR32.batch-statistics.v1,limit_spin_density_zero_rect2x3,rect2x3_hole_2,504,2397673109,0.8272727272727272,Sy,-0.04943989538850018,0.04048225722047962,2.5,3.9628056733104815,-0.20986321397023103,0.11098342319323065,False
haxs.stage5c2gR32.batch-statistics.v1,limit_spin_density_zero_rect2x3,rect2x3_hole_2,504,2397673109,0.8272727272727272,Sz,0.028320312501693028,0.0346701636037765,2.5,3.9628056733104815,-0.10907080852195505,0.16571143352534112,False
haxs.stage5c2gR32.batch-statistics.v1,limit_spin_density_zero_rect2x3,rect2x3_hole_2,504,2397673109,0.859090909090909,Sx,2.3506227836982747,0.011336372331436008,2.5,3.9628056733104815,2.3056989431085,2.395546624288049,False
haxs.stage5c2gR32.batch-statistics.v1,limit_spin_density_zero_rect2x3,rect2x3_hole_2,504,2397673109,0.859090909090909,Sy,-0.04969992977873391,0.04081862350793103,2.5,3.9628056733104815,-0.21145620259268758,0.11205634303521975,False
haxs.stage5c2gR32.batch-statistics.v1,limit_spin_density_zero_rect2x3,rect2x3_hole_2,504,2397673109,0.859090909090909,Sz,0.028320312501623236,0.03467016360377269,2.5,3.9628056733104815,-0.10907080852200976,0.16571143352525622,False
haxs.stage5c2gR32.batch-statistics.v1,limit_spin_density_zero_rect2x3,rect2x3_hole_2,504,2397673109,0.8909090909090909,Sx,2.342203418205034,0.011661491924522918,2.5,3.9628056733104815,2.2959911918472704,2.388415644562798,False
haxs.stage5c2gR32.batch-statistics.v1,limit_spin_density_zero_rect2x3,rect2x3_hole_2,504,2397673109,0.8909090909090909,Sy,-0.04990762323010686,0.04115748027677694,2.5,3.9628056733104815,-0.21300671957008277,0.11319147310986905,False
haxs.stage5c2gR32.batch-statistics.v1,limit_spin_density_zero_rect2x3,rect2x3_hole_2,504,2397673109,0.8909090909090909,Sz,0.02832031250155534,0.03467016360376843,2.5,3.9628056733104815,-0.10907080852206075,0.16571143352517143,False
haxs.stage5c2gR32.batch-statistics.v1,limit_spin_density_zero_rect2x3,rect2x3_hole_2,504,2397673109,0.9227272727272726,Sx,2.333738256889725,0.011987403121173709,2.5,3.9628056733104815,2.286234507792878,2.381242005986572,False
haxs.stage5c2gR32.batch-statistics.v1,limit_spin_density_zero_rect2x3,rect2x3_hole_2,504,2397673109,0.9227272727272726,Sy,-0.050061510341058366,0.04149807259786038,2.5,3.9628056733104815,-0.2145103078633097,0.114387287181193,False
haxs.stage5c2gR32.batch-statistics.v1,limit_spin_density_zero_rect2x3,rect2x3_hole_2,504,2397673109,0.9227272727272726,Sz,0.028320312501489364,0.03467016360376416,2.5,3.9628056733104815,-0.10907080852210982,0.16571143352508855,False
haxs.stage5c2gR32.batch-statistics.v1,limit_spin_density_zero_rect2x3,rect2x3_hole_2,504,2397673109,0.9545454545454545,Sx,2.3252299831823398,0.012314942668804146,2.5,3.9628056733104815,2.2764282585079094,2.37403170785677,False
haxs.stage5c2gR32.batch-statistics.v1,limit_spin_density_zero_rect2x3,rect2x3_hole_2,504,2397673109,0.9545454545454545,Sy,-0.05016068327010966,0.04183967250671117,2.5,3.9628056733104815,-0.21596317484915725,0.11564180830893792,False
haxs.stage5c2gR32.batch-statistics.v1,limit_spin_density_zero_rect2x3,rect2x3_hole_2,504,2397673109,0.9545454545454545,Sz,0.028320312501424954,0.034670163603760275,2.5,3.9628056733104815,-0.10907080852215882,0.16571143352500872,False
haxs.stage5c2gR32.batch-statistics.v1,limit_spin_density_zero_rect2x3,rect2x3_hole_2,504,2397673109,0.9863636363636362,Sx,2.3166787660975947,0.012644893844592563,2.5,3.9628056733104815,2.2665695090318345,2.366788023163355,False
haxs.stage5c2gR32.batch-statistics.v1,limit_spin_density_zero_rect2x3,rect2x3_hole_2,504,2397673109,0.9863636363636362,Sy,-0.05020481644026996,0.04218158578205319,2.5,3.9628056733104815,-0.21736224388662306,0.11695261100608316,False
haxs.stage5c2gR32.batch-statistics.v1,limit_spin_density_zero_rect2x3,rect2x3_hole_2,504,2397673109,0.9863636363636362,Sz,0.028320312501361116,0.03467016360375726,2.5,3.9628056733104815,-0.10907080852221072,0.16571143352493295,False
haxs.stage5c2gR32.batch-statistics.v1,limit_spin_density_zero_rect2x3,rect2x3_hole_2,504,2397673109,1.018181818181818,Sx,2.308082401506246,0.012977986143910764,2.5,3.9628056733104815,2.256653164387012,2.3595116386254804,False
haxs.stage5c2gR32.batch-statistics.v1,limit_spin_density_zero_rect2x3,rect2x3_hole_2,504,2397673109,1.018181818181818,Sy,-0.050194171945896586,0.04252315784354597,2.5,3.9628056733104815,-0.21870518309537765,0.11831683920358446,False
haxs.stage5c2gR32.batch-statistics.v1,limit_spin_density_zero_rect2x3,rect2x3_hole_2,504,2397673109,1.018181818181818,Sz,0.028320312501296664,0.034670163603755313,2.5,3.9628056733104815,-0.10907080852226747,0.16571143352486079,False
haxs.stage5c2gR32.batch-statistics.v1,limit_spin_density_zero_rect2x3,rect2x3_hole_2,504,2397673109,1.0499999999999998,Sx,2.2994364869455866,0.013314892622388871,2.5,3.9628056733104815,2.246672154922064,2.3522008189691093,False
haxs.stage5c2gR32.batch-statistics.v1,limit_spin_density_zero_rect2x3,rect2x3_hole_2,504,2397673109,1.0499999999999998,Sy,-0.05012958485005758,0.042863778338043765,2.5,3.9628056733104815,-0.21999040882758034,0.11973123912746517,False
haxs.stage5c2gR32.batch-statistics.v1,limit_spin_density_zero_rect2x3,rect2x3_hole_2,504,2397673109,1.0499999999999998,Sz,0.02832031250123014,0.03467016360375467,2.5,3.9628056733104815,-0.10907080852233143,0.16571143352479173,False
haxs.stage5c2gR32.batch-statistics.v1,limit_spin_density_zero_rect2x3,rect2x3_hole_2,504,2397673109,1.0818181818181818,Sx,2.290734622391908,0.01365622479117743,2.5,3.9628056733104815,2.2366176573134267,2.344851587470389,False
haxs.stage5c2gR32.batch-statistics.v1,limit_spin_density_zero_rect2x3,rect2x3_hole_2,504,2397673109,1.0818181818181818,Sy,-0.05001242887225857,0.04320288419364988,2.5,3.9628056733104815,-0.22121706345823003,0.12119220571371289,False
haxs.stage5c2gR32.batch-statistics.v1,limit_spin_density_zero_rect2x3,rect2x3_hole_2,504,2397673109,1.0818181818181818,Sz,0.028320312501160357,0.03467016360375538,2.5,3.9628056733104815,-0.10907080852240406,0.16571143352472475,False
haxs.stage5c2gR32.batch-statistics.v1,limit_spin_density_zero_rect2x3,rect2x3_hole_2,504,2397673109,1.1136363636363635,Sx,2.281968630833149,0.01400252554478603,2.5,3.9628056733104815,2.2264793431635956,2.337457918502702,False
haxs.stage5c2gR32.batch-statistics.v1,limit_spin_density_zero_rect2x3,rect2x3_hole_2,504,2397673109,1.1136363636363635,Sy,-0.049844564251967934,0.04353996113806551,2.5,3.9628056733104815,-0.22238496926561183,0.12269584076167597,False
haxs.stage5c2gR32.batch-statistics.v1,limit_spin_density_zero_rect2x3,rect2x3_hole_2,504,2397673109,1.1136363636363635,Sz,0.028320312501085992,0.03467016360375746,2.5,3.9628056733104815,-0.10907080852248663,0.1657114335246586,False
haxs.stage5c2gR32.batch-statistics.v1,limit_spin_density_zero_rect2x3,rect2x3_hole_2,504,2397673109,1.1454545454545453,Sx,2.273128794088366,0.014354261031527654,2.5,3.9628056733104815,2.2162456470364487,2.3300119411402833,False
haxs.stage5c2gR32.batch-statistics.v1,limit_spin_density_zero_rect2x3,rect2x3_hole_2,504,2397673109,1.1454545454545453,Sy,-0.04962827070479013,0.04387454386417401,2.5,3.9628056733104815,-0.22349456204364848,0.12423802063406823,False
haxs.stage5c2gR32.batch-statistics.v1,limit_spin_density_zero_rect2x3,rect2x3_hole_2,504,2397673109,1.1454545454545453,Sz,0.02832031250100604,0.034670163603760844,2.5,3.9628056733104815,-0.10907080852257998,0.16571143352459206,False
haxs.stage5c2gR32.batch-statistics.v1,limit_spin_density_zero_rect2x3,rect2x3_hole_2,504,2397673109,1.1772727272727272,Sx,2.2642041007934073,0.014711812602100123,2.5,3.9628056733104815,2.2059040463491244,2.32250415523769,False
haxs.stage5c2gR32.batch-statistics.v1,limit_spin_density_zero_rect2x3,rect2x3_hole_2,504,2397673109,1.1772727272727272,Sy,-0.04936616925849801,0.044206215153941075,2.5,3.9628056733104815,-0.2245468094661195,0.12581447094912346,False
haxs.stage5c2gR32.batch-statistics.v1,limit_spin_density_zero_rect2x3,rect2x3_hole_2,504,2397673109,1.1772727272727272,Sz,0.02832031250091976,0.034670163603765417,2.5,3.9628056733104815,-0.10907080852268439,0.16571143352452392,False
haxs.stage5c2gR32.batch-statistics.v1,limit_spin_density_zero_rect2x3,rect2x3_hole_2,504,2397673109,1.209090909090909,Sx,2.255182504556412,0.015075469979264084,2.5,3.9628056733104815,2.1954413465947624,2.314923662518061,False
haxs.stage5c2gR32.batch-statistics.v1,limit_spin_density_zero_rect2x3,rect2x3_hole_2,504,2397673109,1.209090909090909,Sy,-0.04906113729390315,0.044534604328689435,2.5,3.9628056733104815,-0.2255431199862712,0.12742084539846488,False
haxs.stage5c2gR32.batch-statistics.v1,limit_spin_density_zero_rect2x3,rect2x3_hole_2,504,2397673109,1.209090909090909,Sz,0.028320312500826766,0.034670163603770954,2.5,3.9628056733104815,-0.10907080852279934,0.16571143352445286,False
haxs.stage5c2gR32.batch-statistics.v1,limit_spin_density_zero_rect2x3,rect2x3_hole_2,504,2397673109,1.2409090909090907,Sx,2.246051190841142,0.015445426607922511,2.5,3.9628056733104815,2.184843966652566,2.307258415029718,False
haxs.stage5c2gR32.batch-statistics.v1,limit_spin_density_zero_rect2x3,rect2x3_hole_2,504,2397673109,1.2409090909090907,Sy,-0.048716221291684556,0.04485938538188846,2.5,3.9628056733104815,-0.22648524818425342,0.12905280560088433,False
haxs.stage5c2gR32.batch-statistics.v1,limit_spin_density_zero_rect2x3,rect2x3_hole_2,504,2397673109,1.2409090909090907,Sz,0.028320312500726974,0.03467016360377731,2.5,3.9628056733104815,-0.1090708085229243,0.16571143352437825,False
haxs.stage5c2gR32.batch-statistics.v1,limit_spin_density_zero_rect2x3,rect2x3_hole_2,504,2397673109,1.2727272727272725,Sx,2.2367968511359777,0.015821777826619438,2.5,3.9628056733104815,2.1740982202027923,2.299495482069163,False
haxs.stage5c2gR32.batch-statistics.v1,limit_spin_density_zero_rect2x3,rect2x3_hole_2,504,2397673109,1.2727272727272725,Sy,-0.0483345516139875,0.04518027508437355,2.5,3.9628056733104815,-0.2273752020400712,0.1307060988120962,False
haxs.stage5c2gR32.batch-statistics.v1,limit_spin_density_zero_rect2x3,rect2x3_hole_2,504,2397673109,1.2727272727272725,Sz,0.028320312500620504,0.034670163603784276,2.5,3.9628056733104815,-0.1090708085230584,0.1657114335242994,False
haxs.stage5c2gR32.batch-statistics.v1,limit_spin_density_zero_rect2x3,rect2x3_hole_2,504,2397673109,1.3045454545454545,Sx,2.22740596249085,0.016204522119967545,2.5,3.9628056733104815,2.1631905903005575,2.291621334681143,False
haxs.stage5c2gR32.batch-statistics.v1,limit_spin_density_zero_rect2x3,rect2x3_hole_2,504,2397673109,1.3045454545454545,Sy,-0.04791926317665606,0.04549703125331162,2.5,3.9628056733104815,-0.22821515674606366,0.13237663039275152,False
haxs.stage5c2gR32.batch-statistics.v1,limit_spin_density_zero_rect2x3,rect2x3_hole_2,504,2397673109,1.3045454545454545,Sz,0.028320312500507802,0.03467016360379164,2.5,3.9628056733104815,-0.10907080852320027,0.16571143352421586,False
haxs.stage5c2gR32.batch-statistics.v1,limit_spin_density_zero_rect2x3,rect2x3_hole_2,504,2397673109,1.3363636363636362,Sx,2.2178650697082594,0.01659356533815078,2.5,3.9628056733104815,2.152107994845787,2.2836221445707316,False
haxs.stage5c2gR32.batch-statistics.v1,limit_spin_density_zero_rect2x3,rect2x3_hole_2,504,2397673109,1.3363636363636362,Sy,-0.04747342516524728,0.045809451268945554,2.5,3.9628056733104815,-0.22900737854506475,0.1340605282145702,False
haxs.stage5c2gR32.batch-statistics.v1,limit_spin_density_zero_rect2x3,rect2x3_hole_2,504,2397673109,1.3363636363636362,Sz,0.028320312500389445,0.03467016360379916,2.5,3.9628056733104815,-0.10907080852334844,0.16571143352412732,False
haxs.stage5c2gR32.batch-statistics.v1,limit_spin_density_zero_rect2x3,rect2x3_hole_2,504,2397673109,1.368181818181818,Sx,2.208161066547174,0.016988727463375587,2.5,3.9628056733104815,2.1408380409729837,2.2754840921213644,False
haxs.stage5c2gR32.batch-statistics.v1,limit_spin_density_zero_rect2x3,rect2x3_hole_2,504,2397673109,1.368181818181818,Sy,-0.04699998209660082,0.04611737082770343,2.5,3.9628056733104815,-0.22975416085078726,0.13575419665758565,False
haxs.stage5c2gR32.batch-statistics.v1,limit_spin_density_zero_rect2x3,rect2x3_hole_2,504,2397673109,1.368181818181818,Sz,0.02832031250026601,0.034670163603806835,2.5,3.9628056733104815,-0.10907080852350229,0.1657114335240343,False
haxs.stage5c2gR32.batch-statistics.v1,limit_spin_density_zero_rect2x3,rect2x3_hole_2,504,2397673109,1.4,Sx,2.1982814714315655,0.017389751302417242,2.5,3.9628056733104815,2.1293692663128883,2.2671936765502427,False
haxs.stage5c2gR32.batch-statistics.v1,limit_spin_density_zero_rect2x3,rect2x3_hole_2,504,2397673109,1.4,Sy,-0.04650170760797893,0.046420662850763364,2.5,3.9628056733104815,-0.23045777371181708,0.13745435849585924,False
haxs.stage5c2gR32.batch-statistics.v1,limit_spin_density_zero_rect2x3,rect2x3_hole_2,504,2397673109,1.4,Sz,0.028320312500138316,0.034670163603814454,2.5,3.9628056733104815,-0.10907080852366018,0.1657114335239368,False
haxs.stage5c2gR32.batch-statistics.v1,limit_spin_density_zero_rect2x3,rect2x3_hole_2,505,763415058,0.0,Sx,2.5,0.0,2.5,3.9628056733104815,2.5,2.5,False
haxs.stage5c2gR32.batch-statistics.v1,limit_spin_density_zero_rect2x3,rect2x3_hole_2,505,763415058,0.0,Sy,0.0009765625,0.03547069917311474,2.5,3.9628056733104815,-0.13958692541950848,0.14154005041950848,False
haxs.stage5c2gR32.batch-statistics.v1,limit_spin_density_zero_rect2x3,rect2x3_hole_2,505,763415058,0.0,Sz,0.015625,0.034457102254429904,2.5,3.9628056733104815,-0.12092180029969421,0.1521718002996942,False
haxs.stage5c2gR32.batch-statistics.v1,limit_spin_density_zero_rect2x3,rect2x3_hole_2,505,763415058,0.031818181818181815,Sx,2.499924930894329,0.0004962146885615308,2.5,3.9628056733104815,2.4979585285113175,2.501891333277341,False
haxs.stage5c2gR32.batch-statistics.v1,limit_spin_density_zero_rect2x3,rect2x3_hole_2,505,763415058,0.031818181818181815,Sy,0.0005669850576162737,0.035475925099081346,2.5,3.9628056733104815,-0.140017212190961,0.14115118230619353,False
haxs.stage5c2gR32.batch-statistics.v1,limit_spin_density_zero_rect2x3,rect2x3_hole_2,505,763415058,0.031818181818181815,Sz,0.01562500000010687,0.03445710225443459,2.5,3.9628056733104815,-0.1209218002996059,0.15217180029981964,False
haxs.stage5c2gR32.batch-statistics.v1,limit_spin_density_zero_rect2x3,rect2x3_hole_2,505,763415058,0.06363636363636363,Sx,2.499296831084945,0.000991673814278889,2.5,3.9628056733104815,2.495367020467647,2.503226641702243,False
haxs.stage5c2gR32.batch-statistics.v1,limit_spin_density_zero_rect2x3,rect2x3_hole_2,505,763415058,0.06363636363636363,Sy,0.00018644551645627118,0.03549934263638868,2.5,3.9628056733104815,-0.14049055088181744,0.14086344191473,False
haxs.stage5c2gR32.batch-statistics.v1,limit_spin_density_zero_rect2x3,rect2x3_hole_2,505,763415058,0.06363636363636363,Sz,0.01562500000022564,0.03445710225444373,2.5,3.9628056733104815,-0.12092180029952336,0.15217180029997462,False
haxs.stage5c2gR32.batch-statistics.v1,limit_spin_density_zero_rect2x3,rect2x3_hole_2,505,763415058,0.09545454545454544,Sx,2.498119417990536,0.0014851123470488756,2.5,3.9628056733104815,2.492234206356147,2.5040046296249248,False
haxs.stage5c2gR32.batch-statistics.v1,limit_spin_density_zero_rect2x3,rect2x3_hole_2,505,763415058,0.09545454545454544,Sy,-0.00016550100850209966,0.035540852434573285,2.5,3.9628056733104815,-0.14100699267051975,0.14067599065351555,False
haxs.stage5c2gR32.batch-statistics.v1,limit_spin_density_zero_rect2x3,rect2x3_hole_2,505,763415058,0.09545454545454544,Sz,0.01562500000035359,0.034457102254457195,2.5,3.9628056733104815,-0.12092180029944875,0.15217180030015592,False
haxs.stage5c2gR32.batch-statistics.v1,limit_spin_density_zero_rect2x3,rect2x3_hole_2,505,763415058,0.12727272727272726,Sx,2.4963992549659526,0.001975316268022302,2.5,3.9628056733104815,2.488571460452451,2.504227049479454,False
haxs.stage5c2gR32.batch-statistics.v1,limit_spin_density_zero_rect2x3,rect2x3_hole_2,505,763415058,0.12727272727272726,Sy,-0.0004897223087414863,0.035600283753224576,2.5,3.9628056733104815,-0.1415667287374828,0.14058728411999985,False
haxs.stage5c2gR32.batch-statistics.v1,limit_spin_density_zero_rect2x3,rect2x3_hole_2,505,763415058,0.12727272727272726,Sz,0.015625000000487457,0.034457102254474556,2.5,3.9628056733104815,-0.1209218002993837,0.1521718003003586,False
haxs.stage5c2gR32.batch-statistics.v1,limit_spin_density_zero_rect2x3,rect2x3_hole_2,505,763415058,0.15909090909090906,Sx,2.4941457222623873,0.002461146765354702,2.5,3.9628056733104815,2.48439267589779,2.5038987686269847,False
haxs.stage5c2gR32.batch-statistics.v1,limit_spin_density_zero_rect2x3,rect2x3_hole_2,505,763415058,0.15909090909090906,Sy,-0.0007875007670392589,0.03567739701538388,2.5,3.9628056733104815,-0.14217009206855294,0.14059509053447442,False
haxs.stage5c2gR32.batch-statistics.v1,limit_spin_density_zero_rect2x3,rect2x3_hole_2,505,763415058,0.15909090909090906,Sz,0.01562500000062354,0.03445710225449536,2.5,3.9628056733104815,-0.12092180029933004,0.15217180030057711,False
haxs.stage5c2gR32.batch-statistics.v1,limit_spin_density_zero_rect2x3,rect2x3_hole_2,505,763415058,0.1909090909090909,Sx,2.4913709687852723,0.002941563012857274,2.5,3.9628056733104815,2.479714126189521,2.5030278113810236,False
haxs.stage5c2gR32.batch-statistics.v1,limit_spin_density_zero_rect2x3,rect2x3_hole_2,505,763415058,0.1909090909090909,Sy,-0.001060515964126881,0.03577188723403209,2.5,3.9628056733104815,-0.142817553640172,0.14069652171191827,False
haxs.stage5c2gR32.batch-statistics.v1,limit_spin_density_zero_rect2x3,rect2x3_hole_2,505,763415058,0.1909090909090909,Sz,0.015625000000757748,0.034457102254519076,2.5,3.9628056733104815,-0.12092180029928981,0.15217180030080532,False
haxs.stage5c2gR32.batch-statistics.v1,limit_spin_density_zero_rect2x3,rect2x3_hole_2,505,763415058,0.22272727272727272,Sx,2.48808984114435,0.003415642852797566,2.5,3.9628056733104815,2.4745543122692815,2.501625370019419,False
haxs.stage5c2gR32.batch-statistics.v1,limit_spin_density_zero_rect2x3,rect2x3_hole_2,505,763415058,0.22272727272727272,Sy,-0.0013108185648128608,0.03588338828075506,2.5,3.9628056733104815,-0.14350971322139186,0.14088807609176615,False
haxs.stage5c2gR32.batch-statistics.v1,limit_spin_density_zero_rect2x3,rect2x3_hole_2,505,763415058,0.22272727272727272,Sz,0.01562500000088571,0.03445710225454508,2.5,3.9628056733104815,-0.12092180029926494,0.15217180030103636,False
haxs.stage5c2gR32.batch-statistics.v1,limit_spin_density_zero_rect2x3,rect2x3_hole_2,505,763415058,0.2545454545454545,Sx,2.4843197859661283,0.003882600595330453,2.5,3.9628056733104815,2.4689337942997542,2.4997057776325025,False
haxs.stage5c2gR32.batch-statistics.v1,limit_spin_density_zero_rect2x3,rect2x3_hole_2,505,763415058,0.2545454545454545,Sy,-0.0015407959529512734,0.03601147794381068,2.5,3.9628056733104815,-0.14424728505297954,0.14116569314707697,False
haxs.stage5c2gR32.batch-statistics.v1,limit_spin_density_zero_rect2x3,rect2x3_hole_2,505,763415058,0.2545454545454545,Sz,0.015625000001003003,0.0344571022545727,2.5,3.9628056733104815,-0.12092180029925709,0.1521718003012631,False
haxs.stage5c2gR32.batch-statistics.v1,limit_spin_density_zero_rect2x3,rect2x3_hole_2,505,763415058,0.2863636363636363,Sx,2.4800807211877465,0.004341801102302307,2.5,3.9628056733104815,2.462875007147157,2.497286435228336,False
haxs.stage5c2gR32.batch-statistics.v1,limit_spin_density_zero_rect2x3,rect2x3_hole_2,505,763415058,0.2863636363636363,Sy,-0.0017531302119901382,0.036155683688287456,2.5,3.9628056733104815,-0.1450310786543549,0.14152481823037463,False
haxs.stage5c2gR32.batch-statistics.v1,limit_spin_density_zero_rect2x3,rect2x3_hole_2,505,763415058,0.2863636363636363,Sz,0.015625000001105283,0.034457102254601274,2.5,3.9628056733104815,-0.12092180029926802,0.1521718003014786,False
haxs.stage5c2gR32.batch-statistics.v1,limit_spin_density_zero_rect2x3,rect2x3_hole_2,505,763415058,0.3181818181818181,Sx,2.47539487215751,0.004792769365852228,2.5,3.9628056733104815,2.456402058523642,2.4943876857913776,False
haxs.stage5c2gR32.batch-statistics.v1,limit_spin_density_zero_rect2x3,rect2x3_hole_2,505,763415058,0.3181818181818181,Sy,-0.001950749198940173,0.036315488985510666,2.5,3.9628056733104815,-0.14586197497976613,0.1419604765818858,False
haxs.stage5c2gR32.batch-statistics.v1,limit_spin_density_zero_rect2x3,rect2x3_hole_2,505,763415058,0.3181818181818181,Sz,0.0156250000011887,0.034457102254630084,2.5,3.9628056733104815,-0.12092180029929879,0.15217180030167618,False
haxs.stage5c2gR32.batch-statistics.v1,limit_spin_density_zero_rect2x3,rect2x3_hole_2,505,763415058,0.35,Sx,2.4702865689005997,0.005235194933256348,2.5,3.9628056733104815,2.449540508718205,2.4910326290829943,False
haxs.stage5c2gR32.batch-statistics.v1,limit_spin_density_zero_rect2x3,rect2x3_hole_2,505,763415058,0.35,Sy,-0.002136771635543106,0.036490340026761776,2.5,3.9628056733104815,-0.1467408981146232,0.142467354843537,False
haxs.stage5c2gR32.batch-statistics.v1,limit_spin_density_zero_rect2x3,rect2x3_hole_2,505,763415058,0.35,Sz,0.015625000001250118,0.034457102254658575,2.5,3.9628056733104815,-0.12092180029935026,0.15217180030185049,False
haxs.stage5c2gR32.batch-statistics.v1,limit_spin_density_zero_rect2x3,rect2x3_hole_2,505,763415058,0.3818181818181818,Sx,2.4647820019100983,0.005668930765418136,2.5,3.9628056733104815,2.442317130911295,2.4872468729089015,False
haxs.stage5c2gR32.batch-statistics.v1,limit_spin_density_zero_rect2x3,rect2x3_hole_2,505,763415058,0.3818181818181818,Sy,-0.0023144473333316534,0.036679652584754946,2.5,3.9628056733104815,-0.14766878269125602,0.1430398880245927,False
haxs.stage5c2gR32.batch-statistics.v1,limit_spin_density_zero_rect2x3,rect2x3_hole_2,505,763415058,0.3818181818181818,Sz,0.015625000001287127,0.03445710225468598,2.5,3.9628056733104815,-0.12092180029942186,0.15217180030199612,False
haxs.stage5c2gR32.batch-statistics.v1,limit_spin_density_zero_rect2x3,rect2x3_hole_2,505,763415058,0.4136363636363636,Sx,2.458908935293306,0.006093986430162764,2.5,3.9628056733104815,2.43475965129478,2.483058219291832,False
haxs.stage5c2gR32.batch-statistics.v1,limit_spin_density_zero_rect2x3,rect2x3_hole_2,505,763415058,0.4136363636363636,Sy,-0.002487093861683474,0.0368828187442562,2.5,3.9628056733104815,-0.14864653722910412,0.14367234950573718,False
haxs.stage5c2gR32.batch-statistics.v1,limit_spin_density_zero_rect2x3,rect2x3_hole_2,505,763415058,0.4136363636363636,Sz,0.015625000001298444,0.034457102254711866,2.5,3.9628056733104815,-0.12092180029951312,0.15217180030211,False
haxs.stage5c2gR32.batch-statistics.v1,limit_spin_density_zero_rect2x3,rect2x3_hole_2,505,763415058,0.44545454545454544,Sx,2.4526963779913356,0.006510515894914779,2.5,3.9628056733104815,2.426896468666789,2.478496287315882,False
haxs.stage5c2gR32.batch-statistics.v1,limit_spin_density_zero_rect2x3,rect2x3_hole_2,505,763415058,0.44545454545454544,Sy,-0.0026580311339605145,0.037099213200652084,2.5,3.9628056733104815,-0.1496750036808597,0.14435894141293867,False
haxs.stage5c2gR32.batch-statistics.v1,limit_spin_density_zero_rect2x3,rect2x3_hole_2,505,763415058,0.44545454545454544,Sz,0.015625000001283848,0.034457102254735694,2.5,3.9628056733104815,-0.12092180029962214,0.15217180030218985,False
haxs.stage5c2gR32.batch-statistics.v1,limit_spin_density_zero_rect2x3,rect2x3_hole_2,505,763415058,0.47727272727272724,Sx,2.4461742159974205,0.006918800561343816,2.5,3.9628056733104815,2.4187563538804233,2.4735920781144176,False
haxs.stage5c2gR32.batch-statistics.v1,limit_spin_density_zero_rect2x3,rect2x3_hole_2,505,763415058,0.47727272727272724,Sy,-0.002830515495317565,0.037328198831199116,2.5,3.9628056733104815,-0.15075491359805512,0.14509388260741998,False
haxs.stage5c2gR32.batch-statistics.v1,limit_spin_density_zero_rect2x3,rect2x3_hole_2,505,763415058,0.47727272727272724,Sz,0.015625000001244504,0.03445710225475707,2.5,3.9628056733104815,-0.1209218002997462,0.1521718003022352,False
haxs.stage5c2gR32.batch-statistics.v1,limit_spin_density_zero_rect2x3,rect2x3_hole_2,505,763415058,0.509090909090909,Sx,2.439372810881856,0.00731922853941141,2.5,3.9628056733104815,2.4103681305016202,2.4683774912620917,False
haxs.stage5c2gR32.batch-statistics.v1,limit_spin_density_zero_rect2x3,rect2x3_hole_2,505,763415058,0.509090909090909,Sy,-0.0030076749159085718,0.03756913128423652,2.5,3.9628056733104815,-0.15188684151042733,0.14587149167861022,False
haxs.stage5c2gR32.batch-statistics.v1,limit_spin_density_zero_rect2x3,rect2x3_hole_2,505,763415058,0.509090909090909,Sz,0.015625000001182582,0.03445710225477571,2.5,3.9628056733104815,-0.12092180029988198,0.15217180030224714,False
haxs.stage5c2gR32.batch-statistics.v1,limit_spin_density_zero_rect2x3,rect2x3_hole_2,505,763415058,0.5409090909090909,Sx,2.4323225723122954,0.007712271453300634,2.5,3.9628056733104815,2.401760339243045,2.4628848053815457,False
haxs.stage5c2gR32.batch-statistics.v1,limit_spin_density_zero_rect2x3,rect2x3_hole_2,505,763415058,0.5409090909090909,Sy,-0.0031924468012853435,0.0378213624080204,2.5,3.9628056733104815,-0.15307115632412036,0.1466862627215497,False
haxs.stage5c2gR32.batch-statistics.v1,limit_spin_density_zero_rect2x3,rect2x3_hole_2,505,763415058,0.5409090909090909,Sz,0.01562500000110127,0.03445710225479131,2.5,3.9628056733104815,-0.12092180030002513,0.15217180030222766,False
haxs.stage5c2gR32.batch-statistics.v1,limit_spin_density_zero_rect2x3,rect2x3_hole_2,505,763415058,0.5727272727272726,Sx,2.42505351443962,0.008098460274387322,2.5,3.9628056733104815,2.3929608901191983,2.4571461387600415,False
haxs.stage5c2gR32.batch-statistics.v1,limit_spin_density_zero_rect2x3,rect2x3_hole_2,505,763415058,0.5727272727272726,Sy,-0.0033875197182660736,0.03808424244798971,2.5,3.9628056733104815,-0.15430797175489155,0.14753293231835943,False
haxs.stage5c2gR32.batch-statistics.v1,limit_spin_density_zero_rect2x3,rect2x3_hole_2,505,763415058,0.5727272727272726,Sz,0.0156250000010046,0.03445710225480382,2.5,3.9628056733104815,-0.12092180030017137,0.15217180030218058,False
haxs.stage5c2gR32.batch-statistics.v1,limit_spin_density_zero_rect2x3,rect2x3_hole_2,505,763415058,0.6045454545454545,Sx,2.4175948078036753,0.008478361760744733,2.5,3.9628056733104815,2.3839967077178175,2.451192907889533,False
haxs.stage5c2gR32.batch-statistics.v1,limit_spin_density_zero_rect2x3,rect2x3_hole_2,505,763415058,0.6045454545454545,Sy,-0.0035952800098663727,0.038357121067551556,2.5,3.9628056733104815,-0.15559709698821667,0.14840653696848394,False
haxs.stage5c2gR32.batch-statistics.v1,limit_spin_density_zero_rect2x3,rect2x3_hole_2,505,763415058,0.6045454545454545,Sz,0.015625000000897223,0.03445710225481322,2.5,3.9628056733104815,-0.12092180030031599,0.15217180030211044,False
haxs.stage5c2gR32.batch-statistics.v1,limit_spin_density_zero_rect2x3,rect2x3_hole_2,505,763415058,0.6363636363636362,Sx,2.4099743396178095,0.008852557031885332,2.5,3.9628056733104815,2.37489337638855,2.445055302847069,False
haxs.stage5c2gR32.batch-statistics.v1,limit_spin_density_zero_rect2x3,rect2x3_hole_2,505,763415058,0.6363636363636362,Sy,-0.00381776386990074,0.03863934737580168,2.5,3.9628056733104815,-0.1569379888637421,0.14930246112394063,False
haxs.stage5c2gR32.batch-statistics.v1,limit_spin_density_zero_rect2x3,rect2x3_hole_2,505,763415058,0.6363636363636362,Sz,0.015625000000783994,0.034457102254819544,2.5,3.9628056733104815,-0.12092180030045428,0.15217180030202226,False
haxs.stage5c2gR32.batch-statistics.v1,limit_spin_density_zero_rect2x3,rect2x3_hole_2,505,763415058,0.6681818181818181,Sx,2.4022182957705147,0.009221623616831315,2.5,3.9628056733104815,2.365674793384602,2.4387617981564276,False
haxs.stage5c2gR32.batch-statistics.v1,limit_spin_density_zero_rect2x3,rect2x3_hole_2,505,763415058,0.6681818181818181,Sy,-0.00405661501985194,0.038930269256038305,2.5,3.9628056733104815,-0.15832970689118514,0.15021647685148126,False
haxs.stage5c2gR32.batch-statistics.v1,limit_spin_density_zero_rect2x3,rect2x3_hole_2,505,763415058,0.6681818181818181,Sz,0.015625000000670082,0.03445710225482302,2.5,3.9628056733104815,-0.12092180030058197,0.15217180030192212,False
haxs.stage5c2gR32.batch-statistics.v1,limit_spin_density_zero_rect2x3,rect2x3_hole_2,505,763415058,0.7,Sx,2.394350777548682,0.009586121993239147,2.5,3.9628056733104815,2.3563628389288276,2.4323387161685366,False
haxs.stage5c2gR32.batch-statistics.v1,limit_spin_density_zero_rect2x3,rect2x3_hole_2,505,763415058,0.7,Sy,-0.004313047744291966,0.039229232362410466,2.5,3.9628056733104815,-0.1597708723096673,0.15114477682108335,False
haxs.stage5c2gR32.batch-statistics.v1,limit_spin_density_zero_rect2x3,rect2x3_hole_2,505,763415058,0.7,Sz,0.015625000000560305,0.034457102254823964,2.5,3.9628056733104815,-0.12092180030069549,0.1521718003018161,False
haxs.stage5c2gR32.batch-statistics.v1,limit_spin_density_zero_rect2x3,rect2x3_hole_2,505,763415058,0.7318181818181817,Sx,2.3863934649209297,0.00994658721148742,2.5,3.9628056733104815,2.34697707268917,2.4258098571526894,False
haxs.stage5c2gR32.batch-statistics.v1,limit_spin_density_zero_rect2x3,rect2x3_hole_2,505,763415058,0.7318181818181817,Sy,-0.004587814765512255,0.03953557917437098,2.5,3.9628056733104815,-0.1612596322153253,0.15208400268430078,False
haxs.stage5c2gR32.batch-statistics.v1,limit_spin_density_zero_rect2x3,rect2x3_hole_2,505,763415058,0.7318181818181817,Sz,0.01562500000045899,0.0344571022548227,2.5,3.9628056733104815,-0.12092180030079178,0.15217180030170976,False
haxs.stage5c2gR32.batch-statistics.v1,limit_spin_density_zero_rect2x3,rect2x3_hole_2,505,763415058,0.7636363636363636,Sx,2.3783653362861172,0.010303525711933789,2.5,3.9628056733104815,2.3375344661397657,2.419196206432469,False
haxs.stage5c2gR32.batch-statistics.v1,limit_spin_density_zero_rect2x3,rect2x3_hole_2,505,763415058,0.7636363636363636,Sy,-0.004881179330941444,0.03984864846392473,2.5,3.9628056733104815,-0.1627936295375374,0.1530312708756545,False
haxs.stage5c2gR32.batch-statistics.v1,limit_spin_density_zero_rect2x3,rect2x3_hole_2,505,763415058,0.7636363636363636,Sz,0.015625000000369794,0.03445710225481972,2.5,3.9628056733104815,-0.12092180030086916,0.15217180030160873,False
haxs.stage5c2gR32.batch-statistics.v1,limit_spin_density_zero_rect2x3,rect2x3_hole_2,505,763415058,0.7954545454545454,Sx,2.370282452034744,0.0106574169486535,2.5,3.9628056733104815,2.3280491796877847,2.412515724381703,False
haxs.stage5c2gR32.batch-statistics.v1,limit_spin_density_zero_rect2x3,rect2x3_hole_2,505,763415058,0.7954545454545454,Sy,-0.0051928909822425325,0.04016777544334022,2.5,3.9628056733104815,-0.1643699793933726,0.15398419742888753,False
haxs.stage5c2gR32.batch-statistics.v1,limit_spin_density_zero_rect2x3,rect2x3_hole_2,505,763415058,0.7954545454545454,Sz,0.0156250000002957,0.034457102254815526,2.5,3.9628056733104815,-0.12092180030092664,0.15217180030151806,False
haxs.stage5c2gR32.batch-statistics.v1,limit_spin_density_zero_rect2x3,rect2x3_hole_2,505,763415058,0.8272727272727272,Sx,2.3621578063036646,0.011008718985725915,2.5,3.9628056733104815,2.318532392251149,2.40578322035618,False
haxs.stage5c2gR32.batch-statistics.v1,limit_spin_density_zero_rect2x3,rect2x3_hole_2,505,763415058,0.8272727272727272,Sy,-0.005522164773063741,0.0404922927353926,2.5,3.9628056733104815,-0.16598525215022633,0.15494092260409884,False
haxs.stage5c2gR32.batch-statistics.v1,limit_spin_density_zero_rect2x3,rect2x3_hole_2,505,763415058,0.8272727272727272,Sz,0.01562500000023868,0.03445710225481072,2.5,3.9628056733104815,-0.12092180030096462,0.15217180030144198,False
haxs.stage5c2gR32.batch-statistics.v1,limit_spin_density_zero_rect2x3,rect2x3_hole_2,505,763415058,0.859090909090909,Sx,2.3540012481858987,0.011357876884847132,2.5,3.9628056733104815,2.3089921892298646,2.399010307141933,False
haxs.stage5c2gR32.batch-statistics.v1,limit_spin_density_zero_rect2x3,rect2x3_hole_2,505,763415058,0.859090909090909,Sy,-0.0058676641665608925,0.040821532166215924,2.5,3.9628056733104815,-0.16763546342806768,0.15590013509494588,False
haxs.stage5c2gR32.batch-statistics.v1,limit_spin_density_zero_rect2x3,rect2x3_hole_2,505,763415058,0.859090909090909,Sz,0.015625000000199674,0.03445710225480575,2.5,3.9628056733104815,-0.12092180030098393,0.15217180030138328,False
haxs.stage5c2gR32.batch-statistics.v1,limit_spin_density_zero_rect2x3,rect2x3_hole_2,505,763415058,0.8909090909090909,Sx,2.3458194706622937,0.011705332495059739,2.5,3.9628056733104815,2.2994335126428855,2.392205428681702,False
haxs.stage5c2gR32.batch-statistics.v1,limit_spin_density_zero_rect2x3,rect2x3_hole_2,505,763415058,0.8909090909090909,Sy,-0.006227488403522307,0.041154827247624294,2.5,3.9628056733104815,-0.16931607130452064,0.15686109449747604,False
haxs.stage5c2gR32.batch-statistics.v1,limit_spin_density_zero_rect2x3,rect2x3_hole_2,505,763415058,0.8909090909090909,Sz,0.01562500000017872,0.034457102254801204,2.5,3.9628056733104815,-0.12092180030098687,0.1521718003013443,False
haxs.stage5c2gR32.batch-statistics.v1,limit_spin_density_zero_rect2x3,rect2x3_hole_2,505,763415058,0.9227272727272726,Sx,2.33761606290168,0.012051534206708573,2.5,3.9628056733104815,2.28985817477524,2.38537395102812,False
haxs.stage5c2gR32.batch-statistics.v1,limit_spin_density_zero_rect2x3,rect2x3_hole_2,505,763415058,0.9227272727272726,Sy,-0.006599165693065141,0.0414915161147244,2.5,3.9628056733104815,-0.17102198114674827,0.15782364976061797,False
haxs.stage5c2gR32.batch-statistics.v1,limit_spin_density_zero_rect2x3,rect2x3_hole_2,505,763415058,0.9227272727272726,Sz,0.015625000000175013,0.034457102254797596,2.5,3.9628056733104815,-0.12092180030097628,0.15217180030132632,False
haxs.stage5c2gR32.batch-statistics.v1,limit_spin_density_zero_rect2x3,rect2x3_hole_2,505,763415058,0.9545454545454545,Sx,2.329391619531127,0.012396945340079348,2.5,3.9628056733104815,2.2802649342057406,2.3785183048565135,False
haxs.stage5c2gR32.batch-statistics.v1,limit_spin_density_zero_rect2x3,rect2x3_hole_2,505,763415058,0.9545454545454545,Sy,-0.0069796540376409295,0.041830944632668135,2.5,3.9628056733104815,-0.17274755874791484,0.158788250672633,False
haxs.stage5c2gR32.batch-statistics.v1,limit_spin_density_zero_rect2x3,rect2x3_hole_2,505,763415058,0.9545454545454545,Sz,0.01562500000018696,0.034457102254795265,2.5,3.9628056733104815,-0.12092180030095509,0.152171800301329,False
haxs.stage5c2gR32.batch-statistics.v1,limit_spin_density_zero_rect2x3,rect2x3_hole_2,505,763415058,0.9863636363636362,Sx,2.3211438991258535,0.01274205008102159,2.5,3.9628056733104815,2.270649630775175,2.371638167476532,False
haxs.stage5c2gR32.batch-statistics.v1,limit_spin_density_zero_rect2x3,rect2x3_hole_2,505,763415058,0.9863636363636362,Sy,-0.007365351768321344,0.04217246939057161,2.5,3.9628056733104815,-0.17448665272679112,0.15975594919014843,False
haxs.stage5c2gR32.batch-statistics.v1,limit_spin_density_zero_rect2x3,rect2x3_hole_2,505,763415058,0.9863636363636362,Sz,0.015625000000212573,0.03445710225479453,2.5,3.9628056733104815,-0.12092180030092656,0.15217180030135172,False
haxs.stage5c2gR32.batch-statistics.v1,limit_spin_density_zero_rect2x3,rect2x3_hole_2,505,763415058,1.018181818181818,Sx,2.3128680235400076,0.01308735621108722,2.5,3.9628056733104815,2.261005374098076,2.3647306729819393,False
haxs.stage5c2gR32.batch-statistics.v1,limit_spin_density_zero_rect2x3,rect2x3_hole_2,505,763415058,1.018181818181818,Sy,-0.007752119865609497,0.042515460357048195,2.5,3.9628056733104815,-0.17623262737192696,0.16072838764070796,False
haxs.stage5c2gR32.batch-statistics.v1,limit_spin_density_zero_rect2x3,rect2x3_hole_2,505,763415058,1.018181818181818,Sz,0.01562500000024938,0.03445710225479567,2.5,3.9628056733104815,-0.12092180030089428,0.15217180030139305,False
haxs.stage5c2gR32.batch-statistics.v1,limit_spin_density_zero_rect2x3,rect2x3_hole_2,505,763415058,1.0499999999999998,Sx,2.304556709733035,0.013433394258933964,2.5,3.9628056733104815,2.251322778751915,2.3577906407141547,False
haxs.stage5c2gR32.batch-statistics.v1,limit_spin_density_zero_rect2x3,rect2x3_hole_2,505,763415058,1.0499999999999998,Sy,-0.008135317842662852,0.04285930306678476,2.5,3.9628056733104815,-0.17797840718985083,0.16170777150452512,False
haxs.stage5c2gR32.batch-statistics.v1,limit_spin_density_zero_rect2x3,rect2x3_hole_2,505,763415058,1.0499999999999998,Sz,0.015625000000294927,0.03445710225479865,2.5,3.9628056733104815,-0.12092180030086055,0.15217180030145042,False
haxs.stage5c2gR32.batch-statistics.v1,limit_spin_density_zero_rect2x3,rect2x3_hole_2,505,763415058,1.0818181818181818,Sx,2.2962005263129694,0.013780713072761668,2.5,3.9628056733104815,2.2415902383659656,2.3508108142599733,False
haxs.stage5c2gR32.batch-statistics.v1,limit_spin_density_zero_rect2x3,rect2x3_hole_2,505,763415058,1.0818181818181818,Sy,-0.008509854381569948,0.04320340032084655,2.5,3.9628056733104815,-0.17971653427932452,0.1626968255161846,False
haxs.stage5c2gR32.batch-statistics.v1,limit_spin_density_zero_rect2x3,rect2x3_hole_2,505,763415058,1.0818181818181818,Sz,0.01562500000034695,0.034457102254803536,2.5,3.9628056733104815,-0.12092180030082789,0.15217180030152178,False
haxs.stage5c2gR32.batch-statistics.v1,limit_spin_density_zero_rect2x3,rect2x3_hole_2,505,763415058,1.1136363636363635,Sx,2.2877881679413083,0.014129872137420884,2.5,3.9628056733104815,2.2317942304719853,2.3437821054106314,False
haxs.stage5c2gR32.batch-statistics.v1,limit_spin_density_zero_rect2x3,rect2x3_hole_2,505,763415058,1.1136363636363635,Sy,-0.008870253089983557,0.04354717349245057,2.5,3.9628056733104815,-0.1814392392625025,0.16369873308253535,False
haxs.stage5c2gR32.batch-statistics.v1,limit_spin_density_zero_rect2x3,rect2x3_hole_2,505,763415058,1.1136363636363635,Sz,0.01562500000040343,0.0344571022548101,2.5,3.9628056733104815,-0.12092180030079741,0.15217180030160427,False
haxs.stage5c2gR32.batch-statistics.v1,limit_spin_density_zero_rect2x3,rect2x3_hole_2,505,763415058,1.1454545454545453,Sx,2.279306741836176,0.014481431204913991,2.5,3.9628056733104815,2.2219196440996876,2.3366938395726646,False
haxs.stage5c2gR32.batch-statistics.v1,limit_spin_density_zero_rect2x3,rect2x3_hole_2,505,763415058,1.1454545454545453,Sy,-0.009210732768863,0.04389006361464203,2.5,3.9628056733104815,-0.1831385258629244,0.1647170603251984,False
haxs.stage5c2gR32.batch-statistics.v1,limit_spin_density_zero_rect2x3,rect2x3_hole_2,505,763415058,1.1454545454545453,Sz,0.015625000000463164,0.03445710225481813,2.5,3.9628056733104815,-0.12092180030076952,0.15217180030169583,False
haxs.stage5c2gR32.batch-statistics.v1,limit_spin_density_zero_rect2x3,rect2x3_hole_2,505,763415058,1.1772727272727272,Sx,2.2707420617003375,0.014835937959999537,2.5,3.9628056733104815,2.211950122583569,2.329534000817106,False
haxs.stage5c2gR32.batch-statistics.v1,limit_spin_density_zero_rect2x3,rect2x3_hole_2,505,763415058,1.1772727272727272,Sy,-0.009525300556711726,0.044231532472538276,2.5,3.9628056733104815,-0.18480626837810318,0.16575566726467975,False
haxs.stage5c2gR32.batch-statistics.v1,limit_spin_density_zero_rect2x3,rect2x3_hole_2,505,763415058,1.1772727272727272,Sz,0.015625000000525364,0.034457102254827315,2.5,3.9628056733104815,-0.1209218003007437,0.15217180030179442,False
haxs.stage5c2gR32.batch-statistics.v1,limit_spin_density_zero_rect2x3,rect2x3_hole_2,505,763415058,1.209090909090909,Sx,2.262078945356388,0.01519391450612645,2.5,3.9628056733104815,2.201868414751716,2.3222894759610604,False
haxs.stage5c2gR32.batch-statistics.v1,limit_spin_density_zero_rect2x3,rect2x3_hole_2,505,763415058,1.209090909090909,Sy,-0.009807855351538806,0.04457106392460794,2.5,3.9628056733104815,-0.18643432033745927,0.16681860963438166,False
haxs.stage5c2gR32.batch-statistics.v1,limit_spin_density_zero_rect2x3,rect2x3_hole_2,505,763415058,1.209090909090909,Sz,0.01562500000058991,0.034457102254837245,2.5,3.9628056733104815,-0.1209218003007185,0.15217180030189834,False
haxs.stage5c2gR32.batch-statistics.v1,limit_spin_density_zero_rect2x3,rect2x3_hole_2,505,763415058,1.2409090909090907,Sx,2.2533015131123335,0.015555843446060995,2.5,3.9628056733104815,2.1916567284511532,2.314946297773514,False
haxs.stage5c2gR32.batch-statistics.v1,limit_spin_density_zero_rect2x3,rect2x3_hole_2,505,763415058,1.2409090909090907,Sy,-0.010052298109938866,0.0449081656373562,2.5,3.9628056733104815,-0.18801463167562085,0.1679100354557431,False
haxs.stage5c2gR32.batch-statistics.v1,limit_spin_density_zero_rect2x3,rect2x3_hole_2,505,763415058,1.2409090909090907,Sz,0.01562500000065741,0.03445710225484759,2.5,3.9628056733104815,-0.120921800300692,0.15217180030200683,False
haxs.stage5c2gR32.batch-statistics.v1,limit_spin_density_zero_rect2x3,rect2x3_hole_2,505,763415058,1.2727272727272725,Sx,2.244393484380516,0.015922154268525977,2.5,3.9628056733104815,2.1812970811138763,2.3074898876471552,False
haxs.stage5c2gR32.batch-statistics.v1,limit_spin_density_zero_rect2x3,rect2x3_hole_2,505,763415058,1.2727272727272725,Sy,-0.01025264506321131,0.045242371345438175,2.5,3.9628056733104815,-0.18953937090493325,0.16903408077851065,False
haxs.stage5c2gR32.batch-statistics.v1,limit_spin_density_zero_rect2x3,rect2x3_hole_2,505,763415058,1.2727272727272725,Sz,0.015625000000729045,0.03445710225485795,2.5,3.9628056733104815,-0.12092180030066142,0.15217180030211952,False
haxs.stage5c2gR32.batch-statistics.v1,limit_spin_density_zero_rect2x3,rect2x3_hole_2,505,763415058,1.3045454545454545,Sx,2.2353384703475188,0.01629321066048326,2.5,3.9628056733104815,2.170771642705713,2.2999052979893246,False
haxs.stage5c2gR32.batch-statistics.v1,limit_spin_density_zero_rect2x3,rect2x3_hole_2,505,763415058,1.3045454545454545,Sy,-0.010403139623923427,0.04557324365888739,2.5,3.9628056733104815,-0.1910010481465233,0.17019476889867646,False
haxs.stage5c2gR32.batch-statistics.v1,limit_spin_density_zero_rect2x3,rect2x3_hole_2,505,763415058,1.3045454545454545,Sz,0.015625000000806098,0.03445710225486793,2.5,3.9628056733104815,-0.12092180030062391,0.15217180030223612,False
haxs.stage5c2gR32.batch-statistics.v1,limit_spin_density_zero_rect2x3,rect2x3_hole_2,505,763415058,1.3363636363636362,Sx,2.226120260591666,0.016669299264466326,2.5,3.9628056733104815,2.1600630668963285,2.2921774542870033,False
haxs.stage5c2gR32.batch-statistics.v1,limit_spin_density_zero_rect2x3,rect2x3_hole_2,505,763415058,1.3363636363636362,Sy,-0.010498358799971057,0.04590037734675286,2.5,3.9628056733104815,-0.1923926345567752,0.1713959169568331,False
haxs.stage5c2gR32.batch-statistics.v1,limit_spin_density_zero_rect2x3,rect2x3_hole_2,505,763415058,1.3363636363636362,Sz,0.015625000000890354,0.03445710225487724,2.5,3.9628056733104815,-0.12092180030057655,0.15217180030235725,False
haxs.stage5c2gR32.batch-statistics.v1,limit_spin_density_zero_rect2x3,rect2x3_hole_2,505,763415058,1.368181818181818,Sx,2.2167231015298205,0.01705062030545033,2.5,3.9628056733104815,2.149154806649919,2.284291396409722,False
haxs.stage5c2gR32.batch-statistics.v1,limit_spin_density_zero_rect2x3,rect2x3_hole_2,505,763415058,1.368181818181818,Sy,-0.010533310271282764,0.04622340294669866,2.5,3.9628056733104815,-0.19370767370817665,0.17264105316561112,False
haxs.stage5c2gR32.batch-statistics.v1,limit_spin_density_zero_rect2x3,rect2x3_hole_2,505,763415058,1.368181818181818,Sz,0.015625000000983432,0.03445710225488554,2.5,3.9628056733104815,-0.12092180030051636,0.15217180030248323,False
haxs.stage5c2gR32.batch-statistics.v1,limit_spin_density_zero_rect2x3,rect2x3_hole_2,505,763415058,1.4,Sx,2.207131964509456,0.017437280428981614,2.5,3.9628056733104815,2.1380314106983818,2.27623251832053,False
haxs.stage5c2gR32.batch-statistics.v1,limit_spin_density_zero_rect2x3,rect2x3_hole_2,505,763415058,1.4,Sy,-0.010503516872565542,0.046541990494254296,2.5,3.9628056733104815,-0.19494038085035897,0.1739333471052279,False
haxs.stage5c2gR32.batch-statistics.v1,limit_spin_density_zero_rect2x3,rect2x3_hole_2,505,763415058,1.4,Sz,0.015625000001086693,0.0344571022548927,2.5,3.9628056733104815,-0.1209218003004415,0.15217180030261487,False
haxs.stage5c2gR32.batch-statistics.v1,limit_spin_density_zero_rect2x3,rect2x3_hole_2,506,3042509379,0.0,Sx,2.5,0.0,2.5,3.9628056733104815,2.5,2.5,False
haxs.stage5c2gR32.batch-statistics.v1,limit_spin_density_zero_rect2x3,rect2x3_hole_2,506,3042509379,0.0,Sy,0.0302734375,0.035024679107879146,2.5,3.9628056733104815,-0.10852255957458257,0.16906943457458257,False
haxs.stage5c2gR32.batch-statistics.v1,limit_spin_density_zero_rect2x3,rect2x3_hole_2,506,3042509379,0.0,Sz,-0.005859375,0.03459830996619235,2.5,3.9628056733104815,-0.1429657540209816,0.1312470040209816,False
haxs.stage5c2gR32.batch-statistics.v1,limit_spin_density_zero_rect2x3,rect2x3_hole_2,506,3042509379,0.031818181818181815,Sx,2.499456267005469,0.000494918140428571,2.5,3.9628056733104815,2.4974950025907545,2.501417531420184,False
haxs.stage5c2gR32.batch-statistics.v1,limit_spin_density_zero_rect2x3,rect2x3_hole_2,506,3042509379,0.031818181818181815,Sy,0.030742740663226492,0.03503035084954141,2.5,3.9628056733104815,-0.10807573242139284,0.16956121374784583,False
haxs.stage5c2gR32.batch-statistics.v1,limit_spin_density_zero_rect2x3,rect2x3_hole_2,506,3042509379,0.031818181818181815,Sz,-0.005859375000047104,0.034598309966195645,2.5,3.9628056733104815,-0.14296575402104178,0.13124700402094758,False
haxs.stage5c2gR32.batch-statistics.v1,limit_spin_density_zero_rect2x3,rect2x3_hole_2,506,3042509379,0.06363636363636363,Sx,2.4983552801236795,0.000988864323695721,2.5,3.9628056733104815,2.4944366029716036,2.5022739572757553,False
haxs.stage5c2gR32.batch-statistics.v1,limit_spin_density_zero_rect2x3,rect2x3_hole_2,506,3042509379,0.06363636363636363,Sy,0.031240921889880018,0.03505581337886107,2.5,3.9628056733104815,-0.10767845425038412,0.17016029803014415,False
haxs.stage5c2gR32.batch-statistics.v1,limit_spin_density_zero_rect2x3,rect2x3_hole_2,506,3042509379,0.06363636363636363,Sz,-0.005859375000084158,0.03459830996620315,2.5,3.9628056733104815,-0.1429657540211086,0.13124700402094028,False
haxs.stage5c2gR32.batch-statistics.v1,limit_spin_density_zero_rect2x3,rect2x3_hole_2,506,3042509379,0.09545454545454544,Sx,2.49670660332499,0.0014803426021354359,2.5,3.9628056733104815,2.4908402932628046,2.5025729133871755,False
haxs.stage5c2gR32.batch-statistics.v1,limit_spin_density_zero_rect2x3,rect2x3_hole_2,506,3042509379,0.09545454545454544,Sy,0.03176660136119279,0.035101105013445225,2.5,3.9628056733104815,-0.10733225672555492,0.17086545944794052,False
haxs.stage5c2gR32.batch-statistics.v1,limit_spin_density_zero_rect2x3,rect2x3_hole_2,506,3042509379,0.09545454545454544,Sz,-0.0058593750001111585,0.034598309966214734,2.5,3.9628056733104815,-0.14296575402118147,0.13124700402095915,False
haxs.stage5c2gR32.batch-statistics.v1,limit_spin_density_zero_rect2x3,rect2x3_hole_2,506,3042509379,0.12727272727272726,Sx,2.4945222641920726,0.001967913187758137,2.5,3.9628056733104815,2.486723806647042,2.502320721737103,False
haxs.stage5c2gR32.batch-statistics.v1,limit_spin_density_zero_rect2x3,rect2x3_hole_2,506,3042509379,0.12727272727272726,Sy,0.032318270174190505,0.035166174965333516,2.5,3.9628056733104815,-0.10703844748706218,0.1716749878354432,False
haxs.stage5c2gR32.batch-statistics.v1,limit_spin_density_zero_rect2x3,rect2x3_hole_2,506,3042509379,0.12727272727272726,Sz,-0.00585937500012867,0.0345983099662299,2.5,3.9628056733104815,-0.1429657540212591,0.13124700402100176,False
haxs.stage5c2gR32.batch-statistics.v1,limit_spin_density_zero_rect2x3,rect2x3_hole_2,506,3042509379,0.15909090909090906,Sx,2.4918166139661158,0.002450229652740341,2.5,3.9628056733104815,2.482106829997323,2.5015263979349087,False
haxs.stage5c2gR32.batch-statistics.v1,limit_spin_density_zero_rect2x3,rect2x3_hole_2,506,3042509379,0.15909090909090906,Sy,0.03289427809712817,0.0352508830578355,2.5,3.9628056733104815,-0.10679812127366667,0.172586677467923,False
haxs.stage5c2gR32.batch-statistics.v1,limit_spin_density_zero_rect2x3,rect2x3_hole_2,506,3042509379,0.15909090909090906,Sz,-0.005859375000137486,0.03459830996624836,2.5,3.9628056733104815,-0.14296575402134104,0.1312470040210661,False
haxs.stage5c2gR32.batch-statistics.v1,limit_spin_density_zero_rect2x3,rect2x3_hole_2,506,3042509379,0.1909090909090909,Sx,2.4886061874095136,0.0029260725437255386,2.5,3.9628056733104815,2.47701073053272,2.500201644286307,False
haxs.stage5c2gR32.batch-statistics.v1,limit_spin_density_zero_rect2x3,rect2x3_hole_2,506,3042509379,0.1909090909090909,Sy,0.033492819146806546,0.035355000652958934,2.5,3.9628056733104815,-0.10661217802063488,0.17359781631424798,False
haxs.stage5c2gR32.batch-statistics.v1,limit_spin_density_zero_rect2x3,rect2x3_hole_2,506,3042509379,0.1909090909090909,Sz,-0.005859375000138747,0.034598309966269516,2.5,3.9628056733104815,-0.14296575402142617,0.13124700402114867,False
haxs.stage5c2gR32.batch-statistics.v1,limit_spin_density_zero_rect2x3,rect2x3_hole_2,506,3042509379,0.22272727272727272,Sx,2.4849095593252755,0.0033943780993262516,2.5,3.9628056733104815,2.4714582985359046,2.4983608201146463,False
haxs.stage5c2gR32.batch-statistics.v1,limit_spin_density_zero_rect2x3,rect2x3_hole_2,506,3042509379,0.22272727272727272,Sy,0.03411191590017834,0.035478212835415385,2.5,3.9628056733104815,-0.10648134720292249,0.17470517900327917,False
haxs.stage5c2gR32.batch-statistics.v1,limit_spin_density_zero_rect2x3,rect2x3_hole_2,506,3042509379,0.22272727272727272,Sz,-0.00585937500013374,0.034598309966292845,2.5,3.9628056733104815,-0.14296575402151362,0.13124700402124612,False
haxs.stage5c2gR32.batch-statistics.v1,limit_spin_density_zero_rect2x3,rect2x3_hole_2,506,3042509379,0.2545454545454545,Sx,2.4807471931549947,0.0038542609459786994,2.5,3.9628056733104815,2.4654735060118513,2.496020880298138,False
haxs.stage5c2gR32.batch-statistics.v1,limit_spin_density_zero_rect2x3,rect2x3_hole_2,506,3042509379,0.2545454545454545,Sy,0.034749403602907604,0.03562012186750611,2.5,3.9628056733104815,-0.10640621741765638,0.17590502462347157,False
haxs.stage5c2gR32.batch-statistics.v1,limit_spin_density_zero_rect2x3,rect2x3_hole_2,506,3042509379,0.2545454545454545,Sz,-0.00585937500012399,0.03459830996631772,2.5,3.9628056733104815,-0.14296575402160241,0.13124700402135445,False
haxs.stage5c2gR32.batch-statistics.v1,limit_spin_density_zero_rect2x3,rect2x3_hole_2,506,3042509379,0.2863636363636363,Sx,2.4761412762519948,0.004305029902399791,2.5,3.9628056733104815,2.4590812793309937,2.493201273172996,False
haxs.stage5c2gR32.batch-statistics.v1,limit_spin_density_zero_rect2x3,rect2x3_hole_2,506,3042509379,0.2863636363636363,Sy,0.03540291521620842,0.035780251879637064,2.5,3.9628056733104815,-0.10638726992489536,0.1771931003573122,False
haxs.stage5c2gR32.batch-statistics.v1,limit_spin_density_zero_rect2x3,rect2x3_hole_2,506,3042509379,0.2863636363636363,Sz,-0.005859375000111046,0.03459830996634361,2.5,3.9628056733104815,-0.1429657540216921,0.13124700402147,False
haxs.stage5c2gR32.batch-statistics.v1,limit_spin_density_zero_rect2x3,rect2x3_hole_2,506,3042509379,0.3181818181818181,Sx,2.471115536274525,0.004746196349018433,2.5,3.9628056733104815,2.452307282455989,2.489923790093061,False
haxs.stage5c2gR32.batch-statistics.v1,limit_spin_density_zero_rect2x3,rect2x3_hole_2,506,3042509379,0.3181818181818181,Sy,0.03606986854931032,0.03595805469599978,2.5,3.9628056733104815,-0.1064249146012062,0.17856465169982685,False
haxs.stage5c2gR32.batch-statistics.v1,limit_spin_density_zero_rect2x3,rect2x3_hole_2,506,3042509379,0.3181818181818181,Sz,-0.005859375000096493,0.034598309966369846,2.5,3.9628056733104815,-0.1429657540217815,0.13124700402158848,False
haxs.stage5c2gR32.batch-statistics.v1,limit_spin_density_zero_rect2x3,rect2x3_hole_2,506,3042509379,0.35,Sx,2.4656950336884575,0.005177475005387228,2.5,3.9628056733104815,2.445177706363686,2.486212361013229,False
haxs.stage5c2gR32.batch-statistics.v1,limit_spin_density_zero_rect2x3,rect2x3_hole_2,506,3042509379,0.35,Sy,0.036747456567975456,0.03615291661959495,2.5,3.9628056733104815,-0.10651952651887622,0.18001443965482714,False
haxs.stage5c2gR32.batch-statistics.v1,limit_spin_density_zero_rect2x3,rect2x3_hole_2,506,3042509379,0.35,Sz,-0.005859375000081774,0.034598309966395936,2.5,3.9628056733104815,-0.14296575402187015,0.1312470040217066,False
haxs.stage5c2gR32.batch-statistics.v1,limit_spin_density_zero_rect2x3,rect2x3_hole_2,506,3042509379,0.3818181818181818,Sx,2.4599059265684793,0.0055987773818231956,2.5,3.9628056733104815,2.437719059796188,2.4820927933407706,False
haxs.stage5c2gR32.batch-statistics.v1,limit_spin_density_zero_rect2x3,rect2x3_hole_2,506,3042509379,0.3818181818181818,Sy,0.037432641867630685,0.036364165923967386,2.5,3.9628056733104815,-0.10667148116107097,0.18153676489633233,False
haxs.stage5c2gR32.batch-statistics.v1,limit_spin_density_zero_rect2x3,rect2x3_hole_2,506,3042509379,0.3818181818181818,Sz,-0.005859375000068343,0.034598309966421305,2.5,3.9628056733104815,-0.14296575402195724,0.13124700402182057,False
haxs.stage5c2gR32.batch-statistics.v1,limit_spin_density_zero_rect2x3,rect2x3_hole_2,506,3042509379,0.4136363636363636,Sx,2.4537752056431255,0.006010198596619799,2.5,3.9628056733104815,2.4299579565467178,2.477592454739533,False
haxs.stage5c2gR32.batch-statistics.v1,limit_spin_density_zero_rect2x3,rect2x3_hole_2,506,3042509379,0.4136363636363636,Sy,0.03812215617470862,0.036591080732025875,2.5,3.9628056733104815,-0.10688118614272535,0.1831254984921426,False
haxs.stage5c2gR32.batch-statistics.v1,limit_spin_density_zero_rect2x3,rect2x3_hole_2,506,3042509379,0.4136363636363636,Sz,-0.005859375000057477,0.03459830996644556,2.5,3.9628056733104815,-0.14296575402204253,0.13124700402192757,False
haxs.stage5c2gR32.batch-statistics.v1,limit_spin_density_zero_rect2x3,rect2x3_hole_2,506,3042509379,0.44545454545454544,Sx,2.447330399689365,0.00641199863710638,2.5,3.9628056733104815,2.421920895112981,2.472739904265749,False
haxs.stage5c2gR32.batch-statistics.v1,limit_spin_density_zero_rect2x3,rect2x3_hole_2,506,3042509379,0.44545454545454544,Sy,0.03881250561205808,0.03683289691758954,2.5,3.9628056733104815,-0.1071491072574259,0.18477411848154207,False
haxs.stage5c2gR32.batch-statistics.v1,limit_spin_density_zero_rect2x3,rect2x3_hole_2,506,3042509379,0.44545454545454544,Sz,-0.0058593750000501665,0.03459830996646824,2.5,3.9628056733104815,-0.14296575402212508,0.13124700402202477,False
haxs.stage5c2gR32.batch-statistics.v1,limit_spin_density_zero_rect2x3,rect2x3_hole_2,506,3042509379,0.47727272727272724,Sx,2.440599253763669,0.006804579453353956,2.5,3.9628056733104815,2.413634027701426,2.4675644798259118,False
haxs.stage5c2gR32.batch-statistics.v1,limit_spin_density_zero_rect2x3,rect2x3_hole_2,506,3042509379,0.47727272727272724,Sy,0.03949998234745272,0.03708881565447373,2.5,3.9628056733104815,-0.10747578674446237,0.18647575143936782,False
haxs.stage5c2gR32.batch-statistics.v1,limit_spin_density_zero_rect2x3,rect2x3_hole_2,506,3042509379,0.47727272727272724,Sz,-0.005859375000047217,0.03459830996648905,2.5,3.9628056733104815,-0.1429657540222046,0.13124700402211018,False
haxs.stage5c2gR32.batch-statistics.v1,limit_spin_density_zero_rect2x3,rect2x3_hole_2,506,3042509379,0.509090909090909,Sx,2.4336093851552647,0.007188459477305265,2.5,3.9628056733104815,2.4051229171562367,2.4620958531542927,False
haxs.stage5c2gR32.batch-statistics.v1,limit_spin_density_zero_rect2x3,rect2x3_hole_2,506,3042509379,0.509090909090909,Sy,0.04018068314187526,0.03735801026940576,2.5,3.9628056733104815,-0.10786185189731712,0.18822321818106763,False
haxs.stage5c2gR32.batch-statistics.v1,limit_spin_density_zero_rect2x3,rect2x3_hole_2,506,3042509379,0.509090909090909,Sz,-0.005859375000049067,0.03459830996650764,2.5,3.9628056733104815,-0.14296575402228012,0.13124700402218198,False
haxs.stage5c2gR32.batch-statistics.v1,limit_spin_density_zero_rect2x3,rect2x3_hole_2,506,3042509379,0.5409090909090909,Sx,2.426387924164944,0.007564247239569297,2.5,3.9628056733104815,2.396412282289656,2.4563635660402325,False
haxs.stage5c2gR32.batch-statistics.v1,limit_spin_density_zero_rect2x3,rect2x3_hole_2,506,3042509379,0.5409090909090909,Sy,0.04085053521900378,0.0376396321315923,2.5,3.9628056733104815,-0.10830801253338967,0.19000908297139724,False
haxs.stage5c2gR32.batch-statistics.v1,limit_spin_density_zero_rect2x3,rect2x3_hole_2,506,3042509379,0.5409090909090909,Sz,-0.005859375000056007,0.03459830996652389,2.5,3.9628056733104815,-0.14296575402235145,0.13124700402223943,False
haxs.stage5c2gR32.batch-statistics.v1,limit_spin_density_zero_rect2x3,rect2x3_hole_2,506,3042509379,0.5727272727272726,Sx,2.41896114866799,0.007932615706314568,2.5,3.9628056733104815,2.3875257341428147,2.450396563193165,False
haxs.stage5c2gR32.batch-statistics.v1,limit_spin_density_zero_rect2x3,rect2x3_hole_2,506,3042509379,0.5727272727272726,Sy,0.04150532977282314,0.037932815428654856,2.5,3.9628056733104815,-0.10881504641248968,0.19182570595813597,False
haxs.stage5c2gR32.batch-statistics.v1,limit_spin_density_zero_rect2x3,rect2x3_hole_2,506,3042509379,0.5727272727272726,Sz,-0.005859375000067907,0.03459830996653765,2.5,3.9628056733104815,-0.1429657540224179,0.13124700402228207,False
haxs.stage5c2gR32.batch-statistics.v1,limit_spin_density_zero_rect2x3,rect2x3_hole_2,506,3042509379,0.6045454545454545,Sx,2.4113541227601742,0.008294278786706048,2.5,3.9628056733104815,2.378485507728197,2.4442227377921517,False
haxs.stage5c2gR32.batch-statistics.v1,limit_spin_density_zero_rect2x3,rect2x3_hole_2,506,3042509379,0.6045454545454545,Sy,0.04214076329558099,0.03823668082321373,2.5,3.9628056733104815,-0.10938377239921247,0.19366529899037443,False
haxs.stage5c2gR32.batch-statistics.v1,limit_spin_density_zero_rect2x3,rect2x3_hole_2,506,3042509379,0.6045454545454545,Sz,-0.005859375000084382,0.03459830996654888,2.5,3.9628056733104815,-0.14296575402247888,0.13124700402231013,False
haxs.stage5c2gR32.batch-statistics.v1,limit_spin_density_zero_rect2x3,rect2x3_hole_2,506,3042509379,0.6363636363636362,Sx,2.4035903505001612,0.008649971183554747,2.5,3.9628056733104815,2.3693121956199983,2.437868505380324,False
haxs.stage5c2gR32.batch-statistics.v1,limit_spin_density_zero_rect2x3,rect2x3_hole_2,506,3042509379,0.6363636363636362,Sy,0.042752486723382985,0.03855033813707323,2.5,3.9628056733104815,-0.11001501195424825,0.19551998540101423,False
haxs.stage5c2gR32.batch-statistics.v1,limit_spin_density_zero_rect2x3,rect2x3_hole_2,506,3042509379,0.6363636363636362,Sz,-0.005859375000104921,0.03459830996655755,2.5,3.9628056733104815,-0.14296575402253375,0.13124700402232392,False
haxs.stage5c2gR32.batch-statistics.v1,limit_spin_density_zero_rect2x3,rect2x3_hole_2,506,3042509379,0.6681818181818181,Sx,2.3956914557813667,0.009000432399671908,2.5,3.9628056733104815,2.3600244912056993,2.431358420357034,False
haxs.stage5c2gR32.batch-statistics.v1,limit_spin_density_zero_rect2x3,rect2x3_hole_2,506,3042509379,0.6681818181818181,Sy,0.04333616214785307,0.03887288834719838,2.5,3.9628056733104815,-0.11070954033238958,0.19738186462809573,False
haxs.stage5c2gR32.batch-statistics.v1,limit_spin_density_zero_rect2x3,rect2x3_hole_2,506,3042509379,0.6681818181818181,Sz,-0.005859375000128937,0.03459830996656379,2.5,3.9628056733104815,-0.1429657540225825,0.13124700402232464,False
haxs.stage5c2gR32.batch-statistics.v1,limit_spin_density_zero_rect2x3,rect2x3_hole_2,506,3042509379,0.7,Sx,2.387676898678843,0.009346395298814553,2.5,3.9628056733104815,2.350638950363698,2.4247148469939876,False
haxs.stage5c2gR32.batch-statistics.v1,limit_spin_density_zero_rect2x3,rect2x3_hole_2,506,3042509379,0.7,Sy,0.043887526525903574,0.03920342527622069,2.5,3.9628056733104815,-0.1114680295719073,0.19924308262371446,False
haxs.stage5c2gR32.batch-statistics.v1,limit_spin_density_zero_rect2x3,rect2x3_hole_2,506,3042509379,0.7,Sz,-0.005859375000155724,0.03459830996656774,2.5,3.9628056733104815,-0.14296575402262496,0.13124700402231348,False
haxs.stage5c2gR32.batch-statistics.v1,limit_spin_density_zero_rect2x3,rect2x3_hole_2,506,3042509379,0.7318181818181817,Sx,2.379563737261222,0.0096885791868973,2.5,3.9628056733104815,2.3411697806930674,2.4179576938293765,False
haxs.stage5c2gR32.batch-statistics.v1,limit_spin_density_zero_rect2x3,rect2x3_hole_2,506,3042509379,0.7318181818181817,Sy,0.044402461444086314,0.039541037401871364,2.5,3.9628056733104815,-0.11229098590063145,0.20109590878880407,False
haxs.stage5c2gR32.batch-statistics.v1,limit_spin_density_zero_rect2x3,rect2x3_hole_2,506,3042509379,0.7318181818181817,Sz,-0.005859375000184807,0.03459830996656968,2.5,3.9628056733104815,-0.1429657540226617,0.1312470040222921,False
haxs.stage5c2gR32.batch-statistics.v1,limit_spin_density_zero_rect2x3,rect2x3_hole_2,506,3042509379,0.7636363636363636,Sx,2.3713664419364218,0.010027686964043792,2.5,3.9628056733104815,2.3316286671451274,2.411104216727716,False
haxs.stage5c2gR32.batch-statistics.v1,limit_spin_density_zero_rect2x3,rect2x3_hole_2,506,3042509379,0.7636363636363636,Sy,0.04487706757892613,0.03988481018554616,2.5,3.9628056733104815,-0.11317868450326787,0.20293281966112012,False
haxs.stage5c2gR32.batch-statistics.v1,limit_spin_density_zero_rect2x3,rect2x3_hole_2,506,3042509379,0.7636363636363636,Sz,-0.0058593750002158005,0.03459830996656997,2.5,3.9628056733104815,-0.14296575402269385,0.13124700402226225,False
haxs.stage5c2gR32.batch-statistics.v1,limit_spin_density_zero_rect2x3,rect2x3_hole_2,506,3042509379,0.7954545454545454,Sx,2.3630967670655347,0.010364405540456305,2.5,3.9628056733104815,2.322024641989324,2.4041688921417457,False
haxs.stage5c2gR32.batch-statistics.v1,limit_spin_density_zero_rect2x3,rect2x3_hole_2,506,3042509379,0.7954545454545454,Sy,0.04530774206889883,0.040233829232851626,2.5,3.9628056733104815,-0.1141311046740507,0.20474658881184837,False
haxs.stage5c2gR32.batch-statistics.v1,limit_spin_density_zero_rect2x3,rect2x3_hole_2,506,3042509379,0.7954545454545454,Sz,-0.005859375000248641,0.0345983099665688,2.5,3.9628056733104815,-0.14296575402272205,0.13124700402222478,False
haxs.stage5c2gR32.batch-statistics.v1,limit_spin_density_zero_rect2x3,rect2x3_hole_2,506,3042509379,0.8272727272727272,Sx,2.35476368203005,0.010699408446135475,2.5,3.9628056733104815,2.312364005538638,2.397163358521462,False
haxs.stage5c2gR32.batch-statistics.v1,limit_spin_density_zero_rect2x3,rect2x3_hole_2,506,3042509379,0.8272727272727272,Sy,0.04569125661219094,0.04058718446282142,2.5,3.9628056733104815,-0.1151478682407768,0.2065303814651587,False
haxs.stage5c2gR32.batch-statistics.v1,limit_spin_density_zero_rect2x3,rect2x3_hole_2,506,3042509379,0.8272727272727272,Sz,-0.005859375000283776,0.03459830996656665,2.5,3.9628056733104815,-0.14296575402274866,0.13124700402218112,False
haxs.stage5c2gR32.batch-statistics.v1,limit_spin_density_zero_rect2x3,rect2x3_hole_2,506,3042509379,0.859090909090909,Sx,2.3463733613926796,0.011033359425753978,2.5,3.9628056733104815,2.3026503020646283,2.390096420720731,False
haxs.stage5c2gR32.batch-statistics.v1,limit_spin_density_zero_rect2x3,rect2x3_hole_2,506,3042509379,0.859090909090909,Sy,0.04602483376436744,0.04094397530092104,2.5,3.9628056733104815,-0.11622818384600667,0.20827785137474156,False
haxs.stage5c2gR32.batch-statistics.v1,limit_spin_density_zero_rect2x3,rect2x3_hole_2,506,3042509379,0.859090909090909,Sz,-0.0058593750003218936,0.03459830996656385,2.5,3.9628056733104815,-0.14296575402277567,0.1312470040221319,False
haxs.stage5c2gR32.batch-statistics.v1,limit_spin_density_zero_rect2x3,rect2x3_hole_2,506,3042509379,0.8909090909090909,Sx,2.337929231469253,0.011366915811904434,2.5,3.9628056733104815,2.2928843530017957,2.3829741099367103,False
haxs.stage5c2gR32.batch-statistics.v1,limit_spin_density_zero_rect2x3,rect2x3_hole_2,506,3042509379,0.8909090909090909,Sy,0.046306218668106205,0.04130331675176804,2.5,3.9628056733104815,-0.11737079928234005,0.20998323661855245,False
haxs.stage5c2gR32.batch-statistics.v1,limit_spin_density_zero_rect2x3,rect2x3_hole_2,506,3042509379,0.8909090909090909,Sz,-0.005859375000364137,0.0345983099665608,2.5,3.9628056733104815,-0.14296575402280584,0.1312470040220776,False
haxs.stage5c2gR32.batch-statistics.v1,limit_spin_density_zero_rect2x3,rect2x3_hole_2,506,3042509379,0.9227272727272726,Sx,2.3294320687122068,0.011700730611476529,2.5,3.9628056733104815,2.2830643470631697,2.375799790361244,False
haxs.stage5c2gR32.batch-statistics.v1,limit_spin_density_zero_rect2x3,rect2x3_hole_2,506,3042509379,0.9227272727272726,Sy,0.046533743335503086,0.041664346077202236,2.5,3.9628056733104815,-0.11857396367400524,0.21164145034501142,False
haxs.stage5c2gR32.batch-statistics.v1,limit_spin_density_zero_rect2x3,rect2x3_hole_2,506,3042509379,0.9227272727272726,Sz,-0.005859375000412169,0.034598309966557786,2.5,3.9628056733104815,-0.14296575402284195,0.1312470040220176,False
haxs.stage5c2gR32.batch-statistics.v1,limit_spin_density_zero_rect2x3,rect2x3_hole_2,506,3042509379,0.9545454545454545,Sx,2.320880143923441,0.012035452500937864,2.5,3.9628056733104815,2.2731859844718656,2.3685743033750164,False
haxs.stage5c2gR32.batch-statistics.v1,limit_spin_density_zero_rect2x3,rect2x3_hole_2,506,3042509379,0.9545454545454545,Sy,0.04670638064693411,0.04202622972390809,2.5,3.9628056733104815,-0.11983540093081846,0.21324816222468668,False
haxs.stage5c2gR32.batch-statistics.v1,limit_spin_density_zero_rect2x3,rect2x3_hole_2,506,3042509379,0.9545454545454545,Sz,-0.005859375000467848,0.03459830996655522,2.5,3.9628056733104815,-0.14296575402288744,0.13124700402195175,False
haxs.stage5c2gR32.batch-statistics.v1,limit_spin_density_zero_rect2x3,rect2x3_hole_2,506,3042509379,0.9863636363636362,Sx,2.3122694055183106,0.012371723269403542,2.5,3.9628056733104815,2.263242670357691,2.36129614067893,False
haxs.stage5c2gR32.batch-statistics.v1,limit_spin_density_zero_rect2x3,rect2x3_hole_2,506,3042509379,0.9863636363636362,Sy,0.04682378544322412,0.0423881701218976,2.5,3.9628056733104815,-0.12115229559708153,0.21479986648352978,False
haxs.stage5c2gR32.batch-statistics.v1,limit_spin_density_zero_rect2x3,rect2x3_hole_2,506,3042509379,0.9863636363636362,Sz,-0.005859375000533146,0.034598309966553324,2.5,3.9628056733104815,-0.14296575402294526,0.13124700402187894,False
haxs.stage5c2gR32.batch-statistics.v1,limit_spin_density_zero_rect2x3,rect2x3_hole_2,506,3042509379,1.018181818181818,Sx,2.3035936948273674,0.012710172624321753,2.5,3.9628056733104815,2.2532257506429496,2.3539616390117852,False
haxs.stage5c2gR32.batch-statistics.v1,limit_spin_density_zero_rect2x3,rect2x3_hole_2,506,3042509379,1.018181818181818,Sy,0.04688632047034894,0.042749412008839305,2.5,3.9628056733104815,-0.12252129196896669,0.21629393290966456,False
haxs.stage5c2gR32.batch-statistics.v1,limit_spin_density_zero_rect2x3,rect2x3_hole_2,506,3042509379,1.018181818181818,Sz,-0.005859375000610042,0.03459830996655219,2.5,3.9628056733104815,-0.14296575402301764,0.13124700402179756,False
haxs.stage5c2gR32.batch-statistics.v1,limit_spin_density_zero_rect2x3,rect2x3_hole_2,506,3042509379,1.0499999999999998,Sx,2.294844986652452,0.013051410630333363,2.5,3.9628056733104815,2.2431247825618623,2.346565190743042,False
haxs.stage5c2gR32.batch-statistics.v1,limit_spin_density_zero_rect2x3,rect2x3_hole_2,506,3042509379,1.0499999999999998,Sy,0.046895065473153696,0.04310924801311217,2.5,3.9628056733104815,-0.12393850712535581,0.2177286380716632,False
haxs.stage5c2gR32.batch-statistics.v1,limit_spin_density_zero_rect2x3,rect2x3_hole_2,506,3042509379,1.0499999999999998,Sz,-0.00585937500070045,0.03459830996655203,2.5,3.9628056733104815,-0.14296575402310738,0.1312470040217065,False
haxs.stage5c2gR32.batch-statistics.v1,limit_spin_density_zero_rect2x3,rect2x3_hole_2,506,3042509379,1.0818181818181818,Sx,2.286013648845034,0.013396018339750177,2.5,3.9628056733104815,2.232927831368501,2.3390994663215676,False
haxs.stage5c2gR32.batch-statistics.v1,limit_spin_density_zero_rect2x3,rect2x3_hole_2,506,3042509379,1.0818181818181818,Sy,0.046851808395865245,0.04346702333120079,2.5,3.9628056733104815,-0.1253995582629363,0.2191031750546668,False
haxs.stage5c2gR32.batch-statistics.v1,limit_spin_density_zero_rect2x3,rect2x3_hole_2,506,3042509379,1.0818181818181818,Sz,-0.005859375000805713,0.034598309966552825,2.5,3.9628056733104815,-0.14296575402321582,0.13124700402160439,False
haxs.stage5c2gR32.batch-statistics.v1,limit_spin_density_zero_rect2x3,rect2x3_hole_2,506,3042509379,1.1136363636363635,Sx,2.277088715383974,0.013744537359230617,2.5,3.9628056733104815,2.222621784759787,2.3315556460081606,False
haxs.stage5c2gR32.batch-statistics.v1,limit_spin_density_zero_rect2x3,rect2x3_hole_2,506,3042509379,1.1136363636363635,Sy,0.04675901838837113,0.04382213944087447,2.5,3.9628056733104815,-0.12689960440452924,0.2204176411812715,False
haxs.stage5c2gR32.batch-statistics.v1,limit_spin_density_zero_rect2x3,rect2x3_hole_2,506,3042509379,1.1136363636363635,Sz,-0.005859375000926571,0.034598309966554594,2.5,3.9628056733104815,-0.1429657540233437,0.13124700402149056,False
haxs.stage5c2gR32.batch-statistics.v1,limit_spin_density_zero_rect2x3,rect2x3_hole_2,506,3042509379,1.1454545454545453,Sx,2.2680581681443246,0.014097459166917096,2.5,3.9628056733104815,2.2121926769784026,2.3239236593102466,False
haxs.stage5c2gR32.batch-statistics.v1,limit_spin_density_zero_rect2x3,rect2x3_hole_2,506,3042509379,1.1454545454545453,Sy,0.04661980108507903,0.04417405688106378,2.5,3.9628056733104815,-0.1284334021363404,0.2216730043064985,False
haxs.stage5c2gR32.batch-statistics.v1,limit_spin_density_zero_rect2x3,rect2x3_hole_2,506,3042509379,1.1454545454545453,Sz,-0.005859375001063033,0.034598309966557154,2.5,3.9628056733104815,-0.1429657540234903,0.13124700402136422,False
haxs.stage5c2gR32.batch-statistics.v1,limit_spin_density_zero_rect2x3,rect2x3_hole_2,506,3042509379,1.1772727272727272,Sx,2.258909223153515,0.014455214953458485,2.5,3.9628056733104815,2.201626015327027,2.316192430980003,False
haxs.stage5c2gR32.batch-statistics.v1,limit_spin_density_zero_rect2x3,rect2x3_hole_2,506,3042509379,1.1772727272727272,Sy,0.04643783736172793,0.044522297189078894,2.5,3.9628056733104815,-0.12999537452796922,0.2228710492514251,False
haxs.stage5c2gR32.batch-statistics.v1,limit_spin_density_zero_rect2x3,rect2x3_hole_2,506,3042509379,1.1772727272727272,Sz,-0.005859375001214267,0.034598309966560416,2.5,3.9628056733104815,-0.14296575402365447,0.1312470040212259,False
haxs.stage5c2gR32.batch-statistics.v1,limit_spin_density_zero_rect2x3,rect2x3_hole_2,506,3042509379,1.209090909090909,Sx,2.249628617559894,0.014818166632502665,2.5,3.9628056733104815,2.1909071027605522,2.3083501323592355,False
haxs.stage5c2gR32.batch-statistics.v1,limit_spin_density_zero_rect2x3,rect2x3_hole_2,506,3042509379,1.209090909090909,Sy,0.04621730743309002,0.04486644411040961,2.5,3.9628056733104815,-0.13157969182890883,0.22401430669508887,False
haxs.stage5c2gR32.batch-statistics.v1,limit_spin_density_zero_rect2x3,rect2x3_hole_2,506,3042509379,1.209090909090909,Sz,-0.00585937500137861,0.03459830996656416,2.5,3.9628056733104815,-0.14296575402383366,0.13124700402107642,False
haxs.stage5c2gR32.batch-statistics.v1,limit_spin_density_zero_rect2x3,rect2x3_hole_2,506,3042509379,1.2409090909090907,Sx,2.2402028937829015,0.015186599486052107,2.5,3.9628056733104815,2.18002135118128,2.300384436384523,False
haxs.stage5c2gR32.batch-statistics.v1,limit_spin_density_zero_rect2x3,rect2x3_hole_2,506,3042509379,1.2409090909090907,Sy,0.04596280269009759,0.04520614418847212,2.5,3.9628056733104815,-0.13318036196847136,0.22510596734866653,False
haxs.stage5c2gR32.batch-statistics.v1,limit_spin_density_zero_rect2x3,rect2x3_hole_2,506,3042509379,1.2409090909090907,Sz,-0.005859375001553369,0.034598309966568215,2.5,3.9628056733104815,-0.14296575402402448,0.13124700402091774,False
haxs.stage5c2gR32.batch-statistics.v1,limit_spin_density_zero_rect2x3,rect2x3_hole_2,506,3042509379,1.2727272727272725,Sx,2.2306186774096624,0.01556071671509906,2.5,3.9628056733104815,2.1689545809302904,2.2922827738890343,False
haxs.stage5c2gR32.batch-statistics.v1,limit_spin_density_zero_rect2x3,rect2x3_hole_2,506,3042509379,1.2727272727272725,Sy,0.04567922806268221,0.045541106810239915,2.5,3.9628056733104815,-0.13479132837377514,0.22614978449913956,False
haxs.stage5c2gR32.batch-statistics.v1,limit_spin_density_zero_rect2x3,rect2x3_hole_2,506,3042509379,1.2727272727272725,Sz,-0.0058593750017352,0.03459830996657229,2.5,3.9628056733104815,-0.14296575402422243,0.13124700402075204,False
haxs.stage5c2gR32.batch-statistics.v1,limit_spin_density_zero_rect2x3,rect2x3_hole_2,506,3042509379,1.3045454545454545,Sx,2.2208629454168247,0.015940635988939807,2.5,3.9628056733104815,2.157693302683677,2.2840325881499726,False
haxs.stage5c2gR32.batch-statistics.v1,limit_spin_density_zero_rect2x3,rect2x3_hole_2,506,3042509379,1.3045454545454545,Sy,0.045371697925851266,0.04587110374108949,2.5,3.9628056733104815,-0.13640657222035182,0.22714996807205437,False
haxs.stage5c2gR32.batch-statistics.v1,limit_spin_density_zero_rect2x3,rect2x3_hole_2,506,3042509379,1.3045454545454545,Sz,-0.005859375001920006,0.03459830996657618,2.5,3.9628056733104815,-0.1429657540244227,0.13124700402058265,False
haxs.stage5c2gR32.batch-statistics.v1,limit_spin_density_zero_rect2x3,rect2x3_hole_2,506,3042509379,1.3363636363636362,Sx,2.210923281306106,0.01632638794997587,2.5,3.9628056733104815,2.146224978513274,2.275621584098938,False
haxs.stage5c2gR32.batch-statistics.v1,limit_spin_density_zero_rect2x3,rect2x3_hole_2,506,3042509379,1.3363636363636362,Sy,0.04504542864860249,0.046195968141055754,2.5,3.9628056733104815,-0.1380202159848435,0.2281110732820485,False
haxs.stage5c2gR32.batch-statistics.v1,limit_spin_density_zero_rect2x3,rect2x3_hole_2,506,3042509379,1.3363636363636362,Sz,-0.005859375002103292,0.03459830996657978,2.5,3.9628056733104815,-0.14296575402462022,0.13124700402041364,False
haxs.stage5c2gR32.batch-statistics.v1,limit_spin_density_zero_rect2x3,rect2x3_hole_2,506,3042509379,1.368181818181818,Sx,2.2007881138171212,0.016717916544606255,2.5,3.9628056733104815,2.1345382592882243,2.2670379683460182,False
haxs.stage5c2gR32.batch-statistics.v1,limit_spin_density_zero_rect2x3,rect2x3_hole_2,506,3042509379,1.368181818181818,Sy,0.044705630838391866,0.046515593025237556,2.5,3.9628056733104815,-0.13962662509942098,0.22903788677620474,False
haxs.stage5c2gR32.batch-statistics.v1,limit_spin_density_zero_rect2x3,rect2x3_hole_2,506,3042509379,1.368181818181818,Sz,-0.005859375002280318,0.03459830996658289,2.5,3.9628056733104815,-0.14296575402480957,0.13124700402024894,False
haxs.stage5c2gR32.batch-statistics.v1,limit_spin_density_zero_rect2x3,rect2x3_hole_2,506,3042509379,1.4,Sx,2.190446936069108,0.017115081013400296,2.5,3.9628056733104815,2.122623195930037,2.2582706762081792,False
haxs.stage5c2gR32.batch-statistics.v1,limit_spin_density_zero_rect2x3,rect2x3_hole_2,506,3042509379,1.4,Sy,0.04435740418594409,0.04682992911936598,2.5,3.9628056733104815,-0.14122050460900715,0.2299353129808953,False
haxs.stage5c2gR32.batch-statistics.v1,limit_spin_density_zero_rect2x3,rect2x3_hole_2,506,3042509379,1.4,Sz,-0.0058593750024463435,0.03459830996658534,2.5,3.9628056733104815,-0.14296575402498532,0.13124700402009262,False
haxs.stage5c2gR32.batch-statistics.v1,limit_spin_density_zero_rect2x3,rect2x3_hole_2,507,2965377900,0.0,Sx,2.5,0.0,2.5,3.9628056733104815,2.5,2.5,False
haxs.stage5c2gR32.batch-statistics.v1,limit_spin_density_zero_rect2x3,rect2x3_hole_2,507,2965377900,0.0,Sy,-0.0029296875,0.035711986221078476,2.5,3.9628056733104815,-0.14444934910207552,0.13858997410207552,False
haxs.stage5c2gR32.batch-statistics.v1,limit_spin_density_zero_rect2x3,rect2x3_hole_2,507,2965377900,0.0,Sz,0.0244140625,0.036575616694872165,2.5,3.9628056733104815,-0.12052799884326898,0.16935612384326898,False
haxs.stage5c2gR32.batch-statistics.v1,limit_spin_density_zero_rect2x3,rect2x3_hole_2,507,2965377900,0.031818181818181815,Sx,2.5001227697013397,0.0005123934438410331,2.5,3.9628056733104815,2.4980922540551194,2.50215328534756,False
haxs.stage5c2gR32.batch-statistics.v1,limit_spin_density_zero_rect2x3,rect2x3_hole_2,507,2965377900,0.031818181818181815,Sy,-0.0038095619548354,0.03571140098505409,2.5,3.9628056733104815,-0.14532690438027326,0.13770778047060248,False
haxs.stage5c2gR32.batch-statistics.v1,limit_spin_density_zero_rect2x3,rect2x3_hole_2,507,2965377900,0.031818181818181815,Sz,0.02441406249998667,0.03657561669487444,2.5,3.9628056733104815,-0.12052799884329132,0.16935612384326468,False
haxs.stage5c2gR32.batch-statistics.v1,limit_spin_density_zero_rect2x3,rect2x3_hole_2,507,2965377900,0.06363636363636363,Sx,2.4996418150298814,0.0010235913862065792,2.5,3.9628056733104815,2.4955855212774702,2.5036981087822925,False
haxs.stage5c2gR32.batch-statistics.v1,limit_spin_density_zero_rect2x3,rect2x3_hole_2,507,2965377900,0.06363636363636363,Sy,-0.004690990230493819,0.035730987924421524,2.5,3.9628056733104815,-0.14628595189037974,0.1369039714293921,False
haxs.stage5c2gR32.batch-statistics.v1,limit_spin_density_zero_rect2x3,rect2x3_hole_2,507,2965377900,0.06363636363636363,Sz,0.024414062499991448,0.03657561669488154,2.5,3.9628056733104815,-0.12052799884331467,0.16935612384329757,False
haxs.stage5c2gR32.batch-statistics.v1,limit_spin_density_zero_rect2x3,rect2x3_hole_2,507,2965377900,0.09545454545454544,Sx,2.4985582105400623,0.001532518756334866,2.5,3.9628056733104815,2.492485136518004,2.504631284562121,False
haxs.stage5c2gR32.batch-statistics.v1,limit_spin_density_zero_rect2x3,rect2x3_hole_2,507,2965377900,0.09545454545454544,Sy,-0.0055724651400205286,0.03577056631427045,2.5,3.9628056733104815,-0.14732426826774025,0.1361793379876992,False
haxs.stage5c2gR32.batch-statistics.v1,limit_spin_density_zero_rect2x3,rect2x3_hole_2,507,2965377900,0.09545454545454544,Sz,0.024414062500015342,0.03657561669489333,2.5,3.9628056733104815,-0.12052799884333751,0.1693561238433682,False
haxs.stage5c2gR32.batch-statistics.v1,limit_spin_density_zero_rect2x3,rect2x3_hole_2,507,2965377900,0.12727272727272726,Sx,2.4968764520435145,0.002038148699902107,2.5,3.9628056733104815,2.488799664812492,2.504953239274537,False
haxs.stage5c2gR32.batch-statistics.v1,limit_spin_density_zero_rect2x3,rect2x3_hole_2,507,2965377900,0.12727272727272726,Sy,-0.006452567420074097,0.03582988200350647,2.5,3.9628056733104815,-0.14843942709761468,0.13553429225746647,False
haxs.stage5c2gR32.batch-statistics.v1,limit_spin_density_zero_rect2x3,rect2x3_hole_2,507,2965377900,0.12727272727272726,Sz,0.024414062500058946,0.03657561669490955,2.5,3.9628056733104815,-0.12052799884335819,0.1693561238434761,False
haxs.stage5c2gR32.batch-statistics.v1,limit_spin_density_zero_rect2x3,rect2x3_hole_2,507,2965377900,0.15909090909090906,Sx,2.4946044395181945,0.0025395155322349783,2.5,3.9628056733104815,2.4845408329595937,2.5046680460767954,False
haxs.stage5c2gR32.batch-statistics.v1,limit_spin_density_zero_rect2x3,rect2x3_hole_2,507,2965377900,0.15909090909090906,Sy,-0.007329966507131962,0.03590861051753618,2.5,3.9628056733104815,-0.14962881198672076,0.13496887897245682,False
haxs.stage5c2gR32.batch-statistics.v1,limit_spin_density_zero_rect2x3,rect2x3_hole_2,507,2965377900,0.15909090909090906,Sz,0.02441406250012164,0.03657561669492959,2.5,3.9628056733104815,-0.12052799884337491,0.1693561238436182,False
haxs.stage5c2gR32.batch-statistics.v1,limit_spin_density_zero_rect2x3,rect2x3_hole_2,507,2965377900,0.1909090909090909,Sx,2.491753413879948,0.003035726551363768,2.5,3.9628056733104815,2.4797234194795847,2.5037834082803117,False
haxs.stage5c2gR32.batch-statistics.v1,limit_spin_density_zero_rect2x3,rect2x3_hole_2,507,2965377900,0.1909090909090909,Sy,-0.008203422077705549,0.03600636036406644,2.5,3.9628056733104815,-0.15088963120368967,0.13448278704827857,False
haxs.stage5c2gR32.batch-statistics.v1,limit_spin_density_zero_rect2x3,rect2x3_hole_2,507,2965377900,0.1909090909090909,Sz,0.0244140625002021,0.03657561669495295,2.5,3.9628056733104815,-0.12052799884338701,0.1693561238437912,False
haxs.stage5c2gR32.batch-statistics.v1,limit_spin_density_zero_rect2x3,rect2x3_hole_2,507,2965377900,0.22272727272727272,Sx,2.4883378472700155,0.0035259728713039275,2.5,3.9628056733104815,2.4743651019716735,2.5023105925683575,False
haxs.stage5c2gR32.batch-statistics.v1,limit_spin_density_zero_rect2x3,rect2x3_hole_2,507,2965377900,0.22272727272727272,Sy,-0.009071787176584311,0.03612267661241004,2.5,3.9628056733104815,-0.15221893499140265,0.13407536063823405,False
haxs.stage5c2gR32.batch-statistics.v1,limit_spin_density_zero_rect2x3,rect2x3_hole_2,507,2965377900,0.22272727272727272,Sz,0.024414062500298175,0.03657561669497893,2.5,3.9628056733104815,-0.12052799884339388,0.16935612384399024,False
haxs.stage5c2gR32.batch-statistics.v1,limit_spin_density_zero_rect2x3,rect2x3_hole_2,507,2965377900,0.2545454545454545,Sx,2.484375287499527,0.004009539331170611,2.5,3.9628056733104815,2.4684862622906025,2.500264312708451,False
haxs.stage5c2gR32.batch-statistics.v1,limit_spin_density_zero_rect2x3,rect2x3_hole_2,507,2965377900,0.2545454545454545,Sy,-0.009934013557554772,0.03625704483235336,2.5,3.9628056733104815,-0.15361363651667714,0.1337456094015676,False
haxs.stage5c2gR32.batch-statistics.v1,limit_spin_density_zero_rect2x3,rect2x3_hole_2,507,2965377900,0.2545454545454545,Sz,0.024414062500406765,0.036575616695006835,2.5,3.9628056733104815,-0.12052799884339588,0.1693561238442094,False
haxs.stage5c2gR32.batch-statistics.v1,limit_spin_density_zero_rect2x3,rect2x3_hole_2,507,2965377900,0.2863636363636363,Sx,2.479886158165777,0.004485813406739342,2.5,3.9628056733104815,2.4621097513481383,2.4976625649834157,False
haxs.stage5c2gR32.batch-statistics.v1,limit_spin_density_zero_rect2x3,rect2x3_hole_2,507,2965377900,0.2863636363636363,Sy,-0.01078915959471791,0.03640889547049115,2.5,3.9628056733104815,-0.15507053712414853,0.13349221793471272,False
haxs.stage5c2gR32.batch-statistics.v1,limit_spin_density_zero_rect2x3,rect2x3_hole_2,507,2965377900,0.2863636363636363,Sz,0.024414062500524372,0.03657561669503596,2.5,3.9628056733104815,-0.12052799884339367,0.16935612384444243,False
haxs.stage5c2gR32.batch-statistics.v1,limit_spin_density_zero_rect2x3,rect2x3_hole_2,507,2965377900,0.3181818181818181,Sx,2.4748935166908312,0.004954292922130673,2.5,3.9628056733104815,2.4552606165917696,2.494526416789893,False
haxs.stage5c2gR32.batch-statistics.v1,limit_spin_density_zero_rect2x3,rect2x3_hole_2,507,2965377900,0.3181818181818181,Sy,-0.011636400801068503,0.03657760870953944,2.5,3.9628056733104815,-0.15658635611136226,0.13331355450922525,False
haxs.stage5c2gR32.batch-statistics.v1,limit_spin_density_zero_rect2x3,rect2x3_hole_2,507,2965377900,0.3181818181818181,Sz,0.024414062500646826,0.03657561669506545,2.5,3.9628056733104815,-0.12052799884338809,0.16935612384468174,False
haxs.stage5c2gR32.batch-statistics.v1,limit_spin_density_zero_rect2x3,rect2x3_hole_2,507,2965377900,0.35,Sx,2.469422773143395,0.005414592253429423,2.5,3.9628056733104815,2.447965796242842,2.490879750043948,False
haxs.stage5c2gR32.batch-statistics.v1,limit_spin_density_zero_rect2x3,rect2x3_hole_2,507,2965377900,0.35,Sy,-0.01247504263275531,0.036762519802656664,2.5,3.9628056733104815,-0.15815776467191206,0.13320767940640144,False
haxs.stage5c2gR32.batch-statistics.v1,limit_spin_density_zero_rect2x3,rect2x3_hole_2,507,2965377900,0.35,Sz,0.02441406250076996,0.03657561669509477,2.5,3.9628056733104815,-0.12052799884338117,0.1693561238449211,False
haxs.stage5c2gR32.batch-statistics.v1,limit_spin_density_zero_rect2x3,rect2x3_hole_2,507,2965377900,0.3818181818181818,Sx,2.4635013732324507,0.005866446652960125,2.5,3.9628056733104815,2.440253785153927,2.4867489613109743,False
haxs.stage5c2gR32.batch-statistics.v1,limit_spin_density_zero_rect2x3,rect2x3_hole_2,507,2965377900,0.3818181818181818,Sy,-0.013304534887834297,0.03696292480725316,2.5,3.9628056733104815,-0.15978142301616585,0.13317235324049728,False
haxs.stage5c2gR32.batch-statistics.v1,limit_spin_density_zero_rect2x3,rect2x3_hole_2,507,2965377900,0.3818181818181818,Sz,0.024414062500889316,0.03657561669512329,2.5,3.9628056733104815,-0.12052799884337481,0.16935612384515344,False
haxs.stage5c2gR32.batch-statistics.v1,limit_spin_density_zero_rect2x3,rect2x3_hole_2,507,2965377900,0.4136363636363636,Sx,2.457158449369218,0.00630971431738162,2.5,3.9628056733104815,2.4321542776753295,2.4821626210631065,False
haxs.stage5c2gR32.batch-statistics.v1,limit_spin_density_zero_rect2x3,rect2x3_hole_2,507,2965377900,0.4136363636363636,Sy,-0.014124486659005153,0.0371780865717336,2.5,3.9628056733104815,-0.16145401904829929,0.133205045730289,False
haxs.stage5c2gR32.batch-statistics.v1,limit_spin_density_zero_rect2x3,rect2x3_hole_2,507,2965377900,0.4136363636363636,Sz,0.02441406250100071,0.03657561669515045,2.5,3.9628056733104815,-0.12052799884337105,0.16935612384537246,False
haxs.stage5c2gR32.batch-statistics.v1,limit_spin_density_zero_rect2x3,rect2x3_hole_2,507,2965377900,0.44545454545454544,Sx,2.4504244442465084,0.006744375882962919,2.5,3.9628056733104815,2.4236977932345645,2.4771510952584523,False
haxs.stage5c2gR32.batch-statistics.v1,limit_spin_density_zero_rect2x3,rect2x3_hole_2,507,2965377900,0.44545454545454544,Sy,-0.014934680506579232,0.03740724076711403,2.5,3.9628056733104815,-0.16317230644138986,0.1333029454282314,False
haxs.stage5c2gR32.batch-statistics.v1,limit_spin_density_zero_rect2x3,rect2x3_hole_2,507,2965377900,0.44545454545454544,Sz,0.024414062501100578,0.03657561669517565,2.5,3.9628056733104815,-0.12052799884337105,0.1693561238455722,False
haxs.stage5c2gR32.batch-statistics.v1,limit_spin_density_zero_rect2x3,rect2x3_hole_2,507,2965377900,0.47727272727272724,Sx,2.4433307120362757,0.0071705311574796465,2.5,3.9628056733104815,2.4149152904847657,2.4717461335877857,False
haxs.stage5c2gR32.batch-statistics.v1,limit_spin_density_zero_rect2x3,rect2x3_hole_2,507,2965377900,0.47727272727272724,Sy,-0.015735084317191145,0.03764960171710581,2.5,3.9628056733104815,-0.16493313959961808,0.1334629709652358,False
haxs.stage5c2gR32.batch-statistics.v1,limit_spin_density_zero_rect2x3,rect2x3_hole_2,507,2965377900,0.47727272727272724,Sz,0.024414062501185545,0.03657561669519862,2.5,3.9628056733104815,-0.12052799884337709,0.1693561238457482,False
haxs.stage5c2gR32.batch-statistics.v1,limit_spin_density_zero_rect2x3,rect2x3_hole_2,507,2965377900,0.509090909090909,Sx,2.4359091030809106,0.007588393080806995,2.5,3.9628056733104815,2.4058377759289784,2.4659804302328427,False
haxs.stage5c2gR32.batch-statistics.v1,limit_spin_density_zero_rect2x3,rect2x3_hole_2,507,2965377900,0.509090909090909,Sy,-0.016525859237907205,0.03790436777659693,2.5,3.9628056733104815,-0.1667335029062525,0.1336817844304381,False
haxs.stage5c2gR32.batch-statistics.v1,limit_spin_density_zero_rect2x3,rect2x3_hole_2,507,2965377900,0.509090909090909,Sz,0.024414062501253286,0.03657561669521899,2.5,3.9628056733104815,-0.12052799884339009,0.16935612384589666,False
haxs.stage5c2gR32.batch-statistics.v1,limit_spin_density_zero_rect2x3,rect2x3_hole_2,507,2965377900,0.5409090909090909,Sx,2.428191538834039,0.007998279126170293,2.5,3.9628056733104815,2.3964959129361305,2.459887164731948,False
haxs.stage5c2gR32.batch-statistics.v1,limit_spin_density_zero_rect2x3,rect2x3_hole_2,507,2965377900,0.5409090909090909,Sy,-0.017307362147420728,0.03817072604625487,2.5,3.9628056733104815,-0.1685705318778997,0.13395580758305822,False
haxs.stage5c2gR32.batch-statistics.v1,limit_spin_density_zero_rect2x3,rect2x3_hole_2,507,2965377900,0.5409090909090909,Sz,0.024414062501302222,0.036575616695236575,2.5,3.9628056733104815,-0.12052799884341085,0.16935612384601528,False
haxs.stage5c2gR32.batch-statistics.v1,limit_spin_density_zero_rect2x3,rect2x3_hole_2,507,2965377900,0.5727272727272726,Sx,2.420209584728739,0.008400600582773903,2.5,3.9628056733104815,2.386919637080107,2.453499532377371,False
haxs.stage5c2gR32.batch-statistics.v1,limit_spin_density_zero_rect2x3,rect2x3_hole_2,507,2965377900,0.5727272727272726,Sy,-0.01808014135460779,0.03844785628971403,2.5,3.9628056733104815,-0.17044152438611263,0.13428124167689706,False
haxs.stage5c2gR32.batch-statistics.v1,limit_spin_density_zero_rect2x3,rect2x3_hole_2,507,2965377900,0.5727272727272726,Sz,0.024414062501331456,0.036575616695251244,2.5,3.9628056733104815,-0.12052799884343973,0.16935612384610266,False
haxs.stage5c2gR32.batch-statistics.v1,limit_spin_density_zero_rect2x3,rect2x3_hole_2,507,2965377900,0.6045454545454545,Sx,2.4119940295065945,0.008795850363643092,2.5,3.9628056733104815,2.37713778378396,2.446850275229229,False
haxs.stage5c2gR32.batch-statistics.v1,limit_spin_density_zero_rect2x3,rect2x3_hole_2,507,2965377900,0.6045454545454545,Sy,-0.01884492459060414,0.03873493403056224,2.5,3.9628056733104815,-0.1723439409222234,0.13465409174101514,False
haxs.stage5c2gR32.batch-statistics.v1,limit_spin_density_zero_rect2x3,rect2x3_hole_2,507,2965377900,0.6045454545454545,Sz,0.024414062501340976,0.036575616695262894,2.5,3.9628056733104815,-0.12052799884347637,0.16935612384615834,False
haxs.stage5c2gR32.batch-statistics.v1,limit_spin_density_zero_rect2x3,rect2x3_hole_2,507,2965377900,0.6363636363636362,Sx,2.4035744801894814,0.009184590124297875,2.5,3.9628056733104815,2.3671777343378824,2.4399712260410804,False
haxs.stage5c2gR32.batch-statistics.v1,limit_spin_density_zero_rect2x3,rect2x3_hole_2,507,2965377900,0.6363636363636362,Sy,-0.019602598855610904,0.039031132932183674,2.5,3.9628056733104815,-0.17427539387500396,0.13507019616378213,False
haxs.stage5c2gR32.batch-statistics.v1,limit_spin_density_zero_rect2x3,rect2x3_hole_2,507,2965377900,0.6363636363636362,Sz,0.024414062501331355,0.036575616695271505,2.5,3.9628056733104815,-0.12052799884352014,0.16935612384618284,False
haxs.stage5c2gR32.batch-statistics.v1,limit_spin_density_zero_rect2x3,rect2x3_hole_2,507,2965377900,0.6681818181818181,Sx,2.394978982166983,0.009567437527969081,2.5,3.9628056733104815,2.357065086452103,2.4328928778818626,False
haxs.stage5c2gR32.batch-statistics.v1,limit_spin_density_zero_rect2x3,rect2x3_hole_2,507,2965377900,0.6681818181818181,Sy,-0.02035418225109536,0.03933562668209994,2.5,3.9628056733104815,-0.17623362683014415,0.13552526232795342,False
haxs.stage5c2gR32.batch-statistics.v1,limit_spin_density_zero_rect2x3,rect2x3_hole_2,507,2965377900,0.6681818181818181,Sz,0.024414062501303905,0.036575616695277334,2.5,3.9628056733104815,-0.12052799884357068,0.16935612384617849,False
haxs.stage5c2gR32.batch-statistics.v1,limit_spin_density_zero_rect2x3,rect2x3_hole_2,507,2965377900,0.7,Sx,2.38623367367479,0.009945054433158048,2.5,3.9628056733104815,2.34682335554569,2.42564399180389,False
haxs.stage5c2gR32.batch-statistics.v1,limit_spin_density_zero_rect2x3,rect2x3_hole_2,507,2965377900,0.7,Sy,-0.02110078851610314,0.039647590690171666,2.5,3.9628056733104815,-0.17821648583620725,0.13601490880400097,False
haxs.stage5c2gR32.batch-statistics.v1,limit_spin_density_zero_rect2x3,rect2x3_hole_2,507,2965377900,0.7,Sz,0.024414062501260245,0.03657561669528056,2.5,3.9628056733104815,-0.12052799884362714,0.16935612384614762,False
haxs.stage5c2gR32.batch-statistics.v1,limit_spin_density_zero_rect2x3,rect2x3_hole_2,507,2965377900,0.7318181818181817,Sx,2.377362483164505,0.010318136608563915,2.5,3.9628056733104815,2.3364737128740956,2.4182512534549145,False
haxs.stage5c2gR32.batch-statistics.v1,limit_spin_density_zero_rect2x3,rect2x3_hole_2,507,2965377900,0.7318181818181817,Sy,-0.0218435855341171,0.039966203947114365,2.5,3.9628056733104815,-0.1802218852764257,0.13653471420819147,False
haxs.stage5c2gR32.batch-statistics.v1,limit_spin_density_zero_rect2x3,rect2x3_hole_2,507,2965377900,0.7318181818181817,Sz,0.024414062501202243,0.03657561669528147,2.5,3.9628056733104815,-0.12052799884368871,0.1693561238460932,False
haxs.stage5c2gR32.batch-statistics.v1,limit_spin_density_zero_rect2x3,rect2x3_hole_2,507,2965377900,0.7636363636363636,Sx,2.368386876698317,0.010687405317722562,2.5,3.9628056733104815,2.3260347662722776,2.4107389871243567,False
haxs.stage5c2gR32.batch-statistics.v1,limit_spin_density_zero_rect2x3,rect2x3_hole_2,507,2965377900,0.7636363636363636,Sy,-0.02258374953107495,0.04029065136507128,2.5,3.9628056733104815,-0.18224777134195413,0.13708027227980424,False
haxs.stage5c2gR32.batch-statistics.v1,limit_spin_density_zero_rect2x3,rect2x3_hole_2,507,2965377900,0.7636363636363636,Sz,0.02441406250113178,0.036575616695280595,2.5,3.9628056733104815,-0.12052799884375574,0.1693561238460193,False
haxs.stage5c2gR32.batch-statistics.v1,limit_spin_density_zero_rect2x3,rect2x3_hole_2,507,2965377900,0.7954545454545454,Sx,2.3593256606062365,0.011053600798307783,2.5,3.9628056733104815,2.315522388652193,2.40312893256028,False
haxs.stage5c2gR32.batch-statistics.v1,limit_spin_density_zero_rect2x3,rect2x3_hole_2,507,2965377900,0.7954545454545454,Sy,-0.023322417006033037,0.04062012683600265,2.5,3.9628056733104815,-0.1842920860823357,0.1376472520702696,False
haxs.stage5c2gR32.batch-statistics.v1,limit_spin_density_zero_rect2x3,rect2x3_hole_2,507,2965377900,0.7954545454545454,Sz,0.0244140625010509,0.036575616695278305,2.5,3.9628056733104815,-0.12052799884382755,0.16935612384592935,False
haxs.stage5c2gR32.batch-statistics.v1,limit_spin_density_zero_rect2x3,rect2x3_hole_2,507,2965377900,0.8272727272727272,Sx,2.350194842365194,0.011417477338627705,2.5,3.9628056733104815,2.3049495983927866,2.3954400863376017,False
haxs.stage5c2gR32.batch-statistics.v1,limit_spin_density_zero_rect2x3,rect2x3_hole_2,507,2965377900,0.8272727272727272,Sy,-0.024060636602180822,0.040953837109289175,2.5,3.9628056733104815,-0.1863527346427053,0.13823146143834364,False
haxs.stage5c2gR32.batch-statistics.v1,limit_spin_density_zero_rect2x3,rect2x3_hole_2,507,2965377900,0.8272727272727272,Sz,0.02441406250096142,0.036575616695275134,2.5,3.9628056733104815,-0.12052799884390444,0.1693561238458273,False
haxs.stage5c2gR32.batch-statistics.v1,limit_spin_density_zero_rect2x3,rect2x3_hole_2,507,2965377900,0.859090909090909,Sx,2.3410075502062173,0.011779799379735886,2.5,3.9628056733104815,2.2943264943937405,2.387688606018694,False
haxs.stage5c2gR32.batch-statistics.v1,limit_spin_density_zero_rect2x3,rect2x3_hole_2,507,2965377900,0.859090909090909,Sy,-0.02479932313564754,0.04129100643025505,2.5,3.9628056733104815,-0.18842755767416183,0.13882891140286677,False
haxs.stage5c2gR32.batch-statistics.v1,limit_spin_density_zero_rect2x3,rect2x3_hole_2,507,2965377900,0.859090909090909,Sz,0.024414062500865134,0.03657561669527168,2.5,3.9628056733104815,-0.12052799884398704,0.16935612384571733,False
haxs.stage5c2gR32.batch-statistics.v1,limit_spin_density_zero_rect2x3,rect2x3_hole_2,507,2965377900,0.8909090909090909,Sx,2.3317740095688855,0.012141337892606451,2.5,3.9628056733104815,2.2836602468864853,2.3798877722512857,False
haxs.stage5c2gR32.batch-statistics.v1,limit_spin_density_zero_rect2x3,rect2x3_hole_2,507,2965377900,0.8909090909090909,Sy,-0.025539215867792696,0.04163088172491415,2.5,3.9628056733104815,-0.19051431015220013,0.13943587841661473,False
haxs.stage5c2gR32.batch-statistics.v1,limit_spin_density_zero_rect2x3,rect2x3_hole_2,507,2965377900,0.8909090909090909,Sz,0.024414062500763563,0.03657561669526845,2.5,3.9628056733104815,-0.12052799884407583,0.16935612384560295,False
haxs.stage5c2gR32.batch-statistics.v1,limit_spin_density_zero_rect2x3,rect2x3_hole_2,507,2965377900,0.9227272727272726,Sx,2.322501572437809,0.012502866227135105,2.5,3.9628056733104815,2.272955143220276,2.372048001655342,False
haxs.stage5c2gR32.batch-statistics.v1,limit_spin_density_zero_rect2x3,rect2x3_hole_2,507,2965377900,0.9227272727272726,Sy,-0.026280842859722518,0.04197273799146539,2.5,3.9628056733104815,-0.19261064709667594,0.1400489613772309,False
haxs.stage5c2gR32.batch-statistics.v1,limit_spin_density_zero_rect2x3,rect2x3_hole_2,507,2965377900,0.9227272727272726,Sz,0.024414062500658196,0.036575616695265996,2.5,3.9628056733104815,-0.12052799884417145,0.16935612384548784,False
haxs.stage5c2gR32.batch-statistics.v1,limit_spin_density_zero_rect2x3,rect2x3_hole_2,507,2965377900,0.9545454545454545,Sx,2.313194794007626,0.012865154712584441,2.5,3.9628056733104815,2.2622126859245792,2.364176902090673,False
haxs.stage5c2gR32.batch-statistics.v1,limit_spin_density_zero_rect2x3,rect2x3_hole_2,507,2965377900,0.9545454545454545,Sy,-0.027024492916486405,0.04231588348814448,2.5,3.9628056733104815,-0.1947141160744507,0.1406651302414779,False
haxs.stage5c2gR32.batch-statistics.v1,limit_spin_density_zero_rect2x3,rect2x3_hole_2,507,2965377900,0.9545454545454545,Sz,0.0244140625005504,0.03657561669526487,2.5,3.9628056733104815,-0.12052799884427481,0.1693561238453756,False
haxs.stage5c2gR32.batch-statistics.v1,limit_spin_density_zero_rect2x3,rect2x3_hole_2,507,2965377900,0.9863636363636362,Sx,2.303855550152439,0.013228963493068659,2.5,3.9628056733104815,2.2514317385700893,2.356279361734789,False
haxs.stage5c2gR32.batch-statistics.v1,limit_spin_density_zero_rect2x3,rect2x3_hole_2,507,2965377900,0.9863636363636362,Sy,-0.027770196242310058,0.04265966430172859,2.5,3.9628056733104815,-0.19682215595872074,0.14128176347410062,False
haxs.stage5c2gR32.batch-statistics.v1,limit_spin_density_zero_rect2x3,rect2x3_hole_2,507,2965377900,0.9863636363636362,Sz,0.02441406250044163,0.03657561669526545,2.5,3.9628056733104815,-0.12052799884438585,0.1693561238452691,False
haxs.stage5c2gR32.batch-statistics.v1,limit_spin_density_zero_rect2x3,rect2x3_hole_2,507,2965377900,1.018181818181818,Sx,2.294483188855273,0.01359503337166879,2.5,3.9628056733104815,2.2406087134811785,2.348357664229367,False
haxs.stage5c2gR32.batch-statistics.v1,limit_spin_density_zero_rect2x3,rect2x3_hole_2,507,2965377900,1.018181818181818,Sy,-0.028517714511749163,0.04300346794058532,2.5,3.9628056733104815,-0.1989321012387261,0.14189667221522775,False
haxs.stage5c2gR32.batch-statistics.v1,limit_spin_density_zero_rect2x3,rect2x3_hole_2,507,2965377900,1.018181818181818,Sz,0.024414062500333168,0.03657561669526796,2.5,3.9628056733104815,-0.12052799884450428,0.16935612384517063,False
haxs.stage5c2gR32.batch-statistics.v1,limit_spin_density_zero_rect2x3,rect2x3_hole_2,507,2965377900,1.0499999999999998,Sx,2.285074709025359,0.013964074764138374,2.5,3.9628056733104815,2.2297377943275,2.3404116237232184,False
haxs.stage5c2gR32.batch-statistics.v1,limit_spin_density_zero_rect2x3,rect2x3_hole_2,507,2965377900,1.0499999999999998,Sy,-0.02926654063344209,0.043346725708228964,2.5,3.9628056733104815,-0.20104119118944513,0.14250810992256097,False
haxs.stage5c2gR32.batch-statistics.v1,limit_spin_density_zero_rect2x3,rect2x3_hole_2,507,2965377900,1.0499999999999998,Sz,0.024414062500226458,0.036575616695272664,2.5,3.9628056733104815,-0.12052799884462961,0.16935612384508253,False
haxs.stage5c2gR32.batch-statistics.v1,limit_spin_density_zero_rect2x3,rect2x3_hole_2,507,2965377900,1.0818181818181818,Sx,2.2756249608652404,0.014336755175379093,2.5,3.9628056733104815,2.218811186119385,2.332438735611096,False
haxs.stage5c2gR32.batch-statistics.v1,limit_spin_density_zero_rect2x3,rect2x3_hole_2,507,2965377900,1.0818181818181818,Sy,-0.030015908057912117,0.04368891375687167,2.5,3.9628056733104815,-0.20314658335441554,0.1431147672385913,False
haxs.stage5c2gR32.batch-statistics.v1,limit_spin_density_zero_rect2x3,rect2x3_hole_2,507,2965377900,1.0818181818181818,Sz,0.02441406250012312,0.03657561669527952,2.5,3.9628056733104815,-0.12052799884476012,0.16935612384500637,False
haxs.stage5c2gR32.batch-statistics.v1,limit_spin_density_zero_rect2x3,rect2x3_hole_2,507,2965377900,1.1136363636363635,Sx,2.2661268629668725,0.014713685862535197,2.5,3.9628056733104815,2.20781938515551,2.324434340778235,False
haxs.stage5c2gR32.batch-statistics.v1,limit_spin_density_zero_rect2x3,rect2x3_hole_2,507,2965377900,1.1136363636363635,Sy,-0.03076480907290273,0.0440295528705171,2.5,3.9628056733104815,-0.2052453709815117,0.14371575283570626,False
haxs.stage5c2gR32.batch-statistics.v1,limit_spin_density_zero_rect2x3,rect2x3_hole_2,507,2965377900,1.1136363636363635,Sz,0.024414062500024675,0.036575616695288596,2.5,3.9628056733104815,-0.12052799884489454,0.1693561238449439,False
haxs.stage5c2gR32.batch-statistics.v1,limit_spin_density_zero_rect2x3,rect2x3_hole_2,507,2965377900,1.1454545454545453,Sx,2.2565716324246714,0.015095408505516843,2.5,3.9628056733104815,2.19675146195807,2.316391802891273,False
haxs.stage5c2gR32.batch-statistics.v1,limit_spin_density_zero_rect2x3,rect2x3_hole_2,507,2965377900,1.1454545454545453,Sy,-0.03151202115615793,0.044368207159962245,2.5,3.9628056733104815,-0.20733460420427102,0.14431056189195518,False
haxs.stage5c2gR32.batch-statistics.v1,limit_spin_density_zero_rect2x3,rect2x3_hole_2,507,2965377900,1.1454545454545453,Sz,0.02441406249993274,0.03657561669529967,2.5,3.9628056733104815,-0.12052799884503035,0.16935612384489585,False
haxs.stage5c2gR32.batch-statistics.v1,limit_spin_density_zero_rect2x3,rect2x3_hole_2,507,2965377900,1.1772727272727272,Sx,2.2469490252779734,0.015482382755511968,2.5,3.9628056733104815,2.1855953510580663,2.3083026994978804,False
haxs.stage5c2gR32.batch-statistics.v1,limit_spin_density_zero_rect2x3,rect2x3_hole_2,507,2965377900,1.1772727272727272,Sy,-0.032256140137976,0.04470448194929857,2.5,3.9628056733104815,-0.2094113148290624,0.14489903455311037,False
haxs.stage5c2gR32.batch-statistics.v1,limit_spin_density_zero_rect2x3,rect2x3_hole_2,507,2965377900,1.1772727272727272,Sz,0.024414062499848815,0.036575616695312396,2.5,3.9628056733104815,-0.12052799884516471,0.16935612384486234,False
haxs.stage5c2gR32.batch-statistics.v1,limit_spin_density_zero_rect2x3,rect2x3_hole_2,507,2965377900,1.209090909090909,Sx,2.237247585401,0.015874975479805636,2.5,3.9628056733104815,2.1743381425059614,2.300157028296039,False
haxs.stage5c2gR32.batch-statistics.v1,limit_spin_density_zero_rect2x3,rect2x3_hole_2,507,2965377900,1.209090909090909,Sy,-0.03299561868905271,0.045038021184866925,2.5,3.9628056733104815,-0.21147254455512102,0.1454813071770156,False
haxs.stage5c2gR32.batch-statistics.v1,limit_spin_density_zero_rect2x3,rect2x3_hole_2,507,2965377900,1.209090909090909,Sz,0.024414062499774316,0.03657561669532648,2.5,3.9628056733104815,-0.12052799884529503,0.16935612384484366,False
haxs.stage5c2gR32.batch-statistics.v1,limit_spin_density_zero_rect2x3,rect2x3_hole_2,507,2965377900,1.2409090909090907,Sx,2.2274549004647684,0.016273452386991908,2.5,3.9628056733104815,2.162966371021249,2.291943429908288,False
haxs.stage5c2gR32.batch-statistics.v1,limit_spin_density_zero_rect2x3,rect2x3_hole_2,507,2965377900,1.2409090909090907,Sy,-0.03372880851682618,0.04536850470163346,2.5,3.9628056733104815,-0.2135153763380725,0.14605775930442016,False
haxs.stage5c2gR32.batch-statistics.v1,limit_spin_density_zero_rect2x3,rect2x3_hole_2,507,2965377900,1.2409090909090907,Sz,0.02441406249971023,0.0365756166953415,2.5,3.9628056733104815,-0.12052799884541862,0.16935612384483908,False
haxs.stage5c2gR32.batch-statistics.v1,limit_spin_density_zero_rect2x3,rect2x3_hole_2,507,2965377900,1.2727272727272725,Sx,2.2175578637752675,0.016677972528829063,2.5,3.9628056733104815,2.1514662996187073,2.283649427931828,False
haxs.stage5c2gR32.batch-statistics.v1,limit_spin_density_zero_rect2x3,rect2x3_hole_2,507,2965377900,1.2727272727272725,Sy,-0.03445400464219323,0.04569564564472611,2.5,3.9628056733104815,-0.21553696844869927,0.14662895916431282,False
haxs.stage5c2gR32.batch-statistics.v1,limit_spin_density_zero_rect2x3,rect2x3_hole_2,507,2965377900,1.2727272727272725,Sz,0.02441406249965732,0.03657561669535704,2.5,3.9628056733104815,-0.12052799884553313,0.16935612384484777,False
haxs.stage5c2gR32.batch-statistics.v1,limit_spin_density_zero_rect2x3,rect2x3_hole_2,507,2965377900,1.3045454545454545,Sx,2.2075429406677047,0.017088585963448498,2.5,3.9628056733104815,2.1398241952628974,2.275261686072512,False
haxs.stage5c2gR32.batch-statistics.v1,limit_spin_density_zero_rect2x3,rect2x3_hole_2,507,2965377900,1.3045454545454545,Sy,-0.03516949024072202,0.04601918827674135,2.5,3.9628056733104815,-0.21753459062493583,0.14719561014349178,False
haxs.stage5c2gR32.batch-statistics.v1,limit_spin_density_zero_rect2x3,rect2x3_hole_2,507,2965377900,1.3045454545454545,Sz,0.02441406249961594,0.036575616695372536,2.5,3.9628056733104815,-0.12052799884563589,0.16935612384486778,False
haxs.stage5c2gR32.batch-statistics.v1,limit_spin_density_zero_rect2x3,rect2x3_hole_2,507,2965377900,1.3363636363636362,Sx,2.197396437762317,0.017505234655243927,2.5,3.9628056733104815,2.128026594557885,2.266766280966749,False
haxs.stage5c2gR32.batch-statistics.v1,limit_spin_density_zero_rect2x3,rect2x3_hole_2,507,2965377900,1.3363636363636362,Sy,-0.035873580752567184,0.04633890631799336,2.5,3.9628056733104815,-0.21950566160451418,0.1477585000993798,False
haxs.stage5c2gR32.batch-statistics.v1,limit_spin_density_zero_rect2x3,rect2x3_hole_2,507,2965377900,1.3363636363636362,Sz,0.024414062499585974,0.03657561669538765,2.5,3.9628056733104815,-0.12052799884572576,0.1693561238448977,False
haxs.stage5c2gR32.batch-statistics.v1,limit_spin_density_zero_rect2x3,rect2x3_hole_2,507,2965377900,1.368181818181818,Sx,2.1871047728387363,0.017927756498282994,2.5,3.9628056733104815,2.1160605576776117,2.258148987999861,False
haxs.stage5c2gR32.batch-statistics.v1,limit_spin_density_zero_rect2x3,rect2x3_hole_2,507,2965377900,1.368181818181818,Sy,-0.036564666258185455,0.04665460188027561,2.5,3.9628056733104815,-0.2214477872753835,0.14831845475901262,False
haxs.stage5c2gR32.batch-statistics.v1,limit_spin_density_zero_rect2x3,rect2x3_hole_2,507,2965377900,1.368181818181818,Sz,0.02441406249956695,0.036575616695402054,2.5,3.9628056733104815,-0.12052799884580187,0.16935612384493579,False
haxs.stage5c2gR32.batch-statistics.v1,limit_spin_density_zero_rect2x3,rect2x3_hole_2,507,2965377900,1.4,Sx,2.176654742445868,0.018355892193592654,2.5,3.9628056733104815,2.1039139087224235,2.2493955761693125,False
haxs.stage5c2gR32.batch-statistics.v1,limit_spin_density_zero_rect2x3,rect2x3_hole_2,507,2965377900,1.4,Sy,-0.03724125143232938,0.046966104975583275,2.5,3.9628056733104815,-0.2233587986828664,0.14887629581820766,False
haxs.stage5c2gR32.batch-statistics.v1,limit_spin_density_zero_rect2x3,rect2x3_hole_2,507,2965377900,1.4,Sz,0.024414062499558086,0.036575616695415224,2.5,3.9628056733104815,-0.12052799884586292,0.16935612384497908,False
haxs.stage5c2gR32.batch-statistics.v1,limit_spin_density_zero_rect2x3,rect2x3_hole_2,508,1491292188,0.0,Sx,2.5,0.0,2.5,3.9628056733104815,2.5,2.5,False
haxs.stage5c2gR32.batch-statistics.v1,limit_spin_density_zero_rect2x3,rect2x3_hole_2,508,1491292188,0.0,Sy,-0.0244140625,0.03497460436783321,2.5,3.9628056733104815,-0.163011623110639,0.11418349811063899,False
haxs.stage5c2gR32.batch-statistics.v1,limit_spin_density_zero_rect2x3,rect2x3_hole_2,508,1491292188,0.0,Sz,0.0302734375,0.0361248651714827,2.5,3.9628056733104815,-0.11288238314912788,0.17342925814912788,False
haxs.stage5c2gR32.batch-statistics.v1,limit_spin_density_zero_rect2x3,rect2x3_hole_2,508,1491292188,0.031818181818181815,Sx,2.4998194058589176,0.0005141037021424534,2.5,3.9628056733104815,2.4977821127913975,2.5018566989264377,False
haxs.stage5c2gR32.batch-statistics.v1,limit_spin_density_zero_rect2x3,rect2x3_hole_2,508,1491292188,0.031818181818181815,Sy,-0.024809174014838703,0.03500631787842025,2.5,3.9628056733104815,-0.1635324091051526,0.11391406107547519,False
haxs.stage5c2gR32.batch-statistics.v1,limit_spin_density_zero_rect2x3,rect2x3_hole_2,508,1491292188,0.031818181818181815,Sz,0.030273437499972914,0.036124865171488364,2.5,3.9628056733104815,-0.1128823831491774,0.17342925814912322,False
haxs.stage5c2gR32.batch-statistics.v1,limit_spin_density_zero_rect2x3,rect2x3_hole_2,508,1491292188,0.06363636363636363,Sx,2.4990956635321337,0.0010282826222018902,2.5,3.9628056733104815,2.4950207793231054,2.503170547741162,False
haxs.stage5c2gR32.batch-statistics.v1,limit_spin_density_zero_rect2x3,rect2x3_hole_2,508,1491292188,0.06363636363636363,Sy,-0.02522743564322818,0.035058409322384125,2.5,3.9628056733104815,-0.16415709900321307,0.1137022277167567,False
haxs.stage5c2gR32.batch-statistics.v1,limit_spin_density_zero_rect2x3,rect2x3_hole_2,508,1491292188,0.06363636363636363,Sz,0.030273437499965625,0.03612486517149902,2.5,3.9628056733104815,-0.11288238314922693,0.17342925814915816,False
haxs.stage5c2gR32.batch-statistics.v1,limit_spin_density_zero_rect2x3,rect2x3_hole_2,508,1491292188,0.09545454545454544,Sx,2.4978304729394236,0.001541398594174345,2.5,3.9628056733104815,2.4917222098455967,2.5039387360332506,False
haxs.stage5c2gR32.batch-statistics.v1,limit_spin_density_zero_rect2x3,rect2x3_hole_2,508,1491292188,0.09545454545454544,Sy,-0.025669145581979122,0.03513066193524841,2.5,3.9628056733104815,-0.16488513200613408,0.11354684084217585,False
haxs.stage5c2gR32.batch-statistics.v1,limit_spin_density_zero_rect2x3,rect2x3_hole_2,508,1491292188,0.09545454545454544,Sz,0.0302734374999755,0.03612486517151447,2.5,3.9628056733104815,-0.11288238314927826,0.17342925814922924,False
haxs.stage5c2gR32.batch-statistics.v1,limit_spin_density_zero_rect2x3,rect2x3_hole_2,508,1491292188,0.12727272727272726,Sx,2.496028178790213,0.002052342372940273,2.5,3.9628056733104815,2.48789514479115,2.5041612127892763,False
haxs.stage5c2gR32.batch-statistics.v1,limit_spin_density_zero_rect2x3,rect2x3_hole_2,508,1491292188,0.12727272727272726,Sy,-0.026134176794352787,0.035222784002036135,2.5,3.9628056733104815,-0.16571522506741124,0.11344687147870566,False
haxs.stage5c2gR32.batch-statistics.v1,limit_spin_density_zero_rect2x3,rect2x3_hole_2,508,1491292188,0.12727272727272726,Sz,0.030273437499999098,0.03612486517153423,2.5,3.9628056733104815,-0.11288238314933298,0.1734292581493312,False
haxs.stage5c2gR32.batch-statistics.v1,limit_spin_density_zero_rect2x3,rect2x3_hole_2,508,1491292188,0.15909090909090906,Sx,2.4936957545888947,0.0025600473151836255,2.5,3.9628056733104815,2.4835507845643416,2.5038407246134478,False
haxs.stage5c2gR32.batch-statistics.v1,limit_spin_density_zero_rect2x3,rect2x3_hole_2,508,1491292188,0.15909090909090906,Sy,-0.026621993811311404,0.035334410230426785,2.5,3.9628056733104815,-0.16664539513552656,0.11340140751290377,False
haxs.stage5c2gR32.batch-statistics.v1,limit_spin_density_zero_rect2x3,rect2x3_hole_2,508,1491292188,0.15909090909090906,Sz,0.030273437500032568,0.036124865171557705,2.5,3.9628056733104815,-0.11288238314939252,0.17342925814945764,False
haxs.stage5c2gR32.batch-statistics.v1,limit_spin_density_zero_rect2x3,rect2x3_hole_2,508,1491292188,0.1909090909090909,Sx,2.490842758020145,0.0030635032383478727,2.5,3.9628056733104815,2.4787026900070153,2.502982826033275,False
haxs.stage5c2gR32.batch-statistics.v1,limit_spin_density_zero_rect2x3,rect2x3_hole_2,508,1491292188,0.1909090909090909,Sy,-0.027131674198979154,0.03546510374749282,2.5,3.9628056733104815,-0.16767298853408855,0.11340964013613022,False
haxs.stage5c2gR32.batch-statistics.v1,limit_spin_density_zero_rect2x3,rect2x3_hole_2,508,1491292188,0.1909090909090909,Sz,0.030273437500071526,0.03612486517158428,2.5,3.9628056733104815,-0.11288238314945889,0.17342925814960194,False
haxs.stage5c2gR32.batch-statistics.v1,limit_spin_density_zero_rect2x3,rect2x3_hole_2,508,1491292188,0.22272727272727272,Sx,2.487481257531492,0.0035617707451739227,2.5,3.9628056733104815,2.4733666522154856,2.5015958628474984,False
haxs.stage5c2gR32.batch-statistics.v1,limit_spin_density_zero_rect2x3,rect2x3_hole_2,508,1491292188,0.22272727272727272,Sy,-0.027661934431546607,0.03561435886183096,2.5,3.9628056733104815,-0.16879471778052577,0.11347084891743256,False
haxs.stage5c2gR32.batch-statistics.v1,limit_spin_density_zero_rect2x3,rect2x3_hole_2,508,1491292188,0.22272727272727272,Sz,0.030273437500111546,0.03612486517161311,2.5,3.9628056733104815,-0.11288238314953311,0.1734292581497562,False
haxs.stage5c2gR32.batch-statistics.v1,limit_spin_density_zero_rect2x3,rect2x3_hole_2,508,1491292188,0.2545454545454545,Sx,2.4836257301033853,0.004053996041735945,2.5,3.9628056733104815,2.4675605315896156,2.499690928617155,False
haxs.stage5c2gR32.batch-statistics.v1,limit_spin_density_zero_rect2x3,rect2x3_hole_2,508,1491292188,0.2545454545454545,Sy,-0.028211160153317223,0.03578160471025503,2.5,3.9628056733104815,-0.17000670629926892,0.11358438599263447,False
haxs.stage5c2gR32.batch-statistics.v1,limit_spin_density_zero_rect2x3,rect2x3_hole_2,508,1491292188,0.2545454545454545,Sz,0.030273437500148142,0.036124865171643455,2.5,3.9628056733104815,-0.11288238314961675,0.17342925814991303,False
haxs.stage5c2gR32.batch-statistics.v1,limit_spin_density_zero_rect2x3,rect2x3_hole_2,508,1491292188,0.2863636363636363,Sx,2.4792929301694646,0.004539425957466051,2.5,3.9628056733104815,2.4613040672316453,2.497281793107284,False
haxs.stage5c2gR32.batch-statistics.v1,limit_spin_density_zero_rect2x3,rect2x3_hole_2,508,1491292188,0.2863636363636363,Sy,-0.02877744096496953,0.03596620985750147,2.5,3.9628056733104815,-0.17130454143575174,0.11374965950581267,False
haxs.stage5c2gR32.batch-statistics.v1,limit_spin_density_zero_rect2x3,rect2x3_hole_2,508,1491292188,0.2863636363636363,Sz,0.03027343750017707,0.03612486517167457,2.5,3.9628056733104815,-0.11288238314971115,0.1734292581500653,False
haxs.stage5c2gR32.batch-statistics.v1,limit_spin_density_zero_rect2x3,rect2x3_hole_2,508,1491292188,0.3181818181818181,Sx,2.4745017294667018,0.005017422547649538,2.5,3.9628056733104815,2.4546186589294803,2.4943848000039233,False
haxs.stage5c2gR32.batch-statistics.v1,limit_spin_density_zero_rect2x3,rect2x3_hole_2,508,1491292188,0.3181818181818181,Sy,-0.029358609904372113,0.03616748784178275,2.5,3.9628056733104815,-0.17268333591317667,0.11396611610443244,False
haxs.stage5c2gR32.batch-statistics.v1,limit_spin_density_zero_rect2x3,rect2x3_hole_2,508,1491292188,0.3181818181818181,Sz,0.03027343750019486,0.0361248651717055,2.5,3.9628056733104815,-0.11288238314981593,0.17342925815020566,False
haxs.stage5c2gR32.batch-statistics.v1,limit_spin_density_zero_rect2x3,rect2x3_hole_2,508,1491292188,0.35,Sx,2.4692729273583196,0.0054874763785709305,2.5,3.9628056733104815,2.4475271248331616,2.4910187298834776,False
haxs.stage5c2gR32.batch-statistics.v1,limit_spin_density_zero_rect2x3,rect2x3_hole_2,508,1491292188,0.35,Sy,-0.029952287703807826,0.03638470356615439,2.5,3.9628056733104815,-0.17413779741748453,0.11423322200986889,False
haxs.stage5c2gR32.batch-statistics.v1,limit_spin_density_zero_rect2x3,rect2x3_hole_2,508,1491292188,0.35,Sz,0.030273437500198282,0.03612486517173573,2.5,3.9628056733104815,-0.11288238314993229,0.17342925815032886,False
haxs.stage5c2gR32.batch-statistics.v1,limit_spin_density_zero_rect2x3,rect2x3_hole_2,508,1491292188,0.3818181818181818,Sx,2.463629031030708,0.0059492174162267064,2.5,3.9628056733104815,2.440053438501927,2.4872046235594887,False
haxs.stage5c2gR32.batch-statistics.v1,limit_spin_density_zero_rect2x3,rect2x3_hole_2,508,1491292188,0.3818181818181818,Sy,-0.030555931701989343,0.03661708033739959,2.5,3.9628056733104815,-0.17566230540310213,0.11455044199912345,False
haxs.stage5c2gR32.batch-statistics.v1,limit_spin_density_zero_rect2x3,rect2x3_hole_2,508,1491292188,0.3818181818181818,Sz,0.030273437500185484,0.03612486517176436,2.5,3.9628056733104815,-0.11288238315005852,0.1734292581504295,False
haxs.stage5c2gR32.batch-statistics.v1,limit_spin_density_zero_rect2x3,rect2x3_hole_2,508,1491292188,0.4136363636363636,Sx,2.457594005084104,0.0064024224034745164,2.5,3.9628056733104815,2.432222449260685,2.482965560907523,False
haxs.stage5c2gR32.batch-statistics.v1,limit_spin_density_zero_rect2x3,rect2x3_hole_2,508,1491292188,0.4136363636363636,Sy,-0.031166888995550028,0.03686380726553987,2.5,3.9628056733104815,-0.1772509935672556,0.11491721557615553,False
haxs.stage5c2gR32.batch-statistics.v1,limit_spin_density_zero_rect2x3,rect2x3_hole_2,508,1491292188,0.4136363636363636,Sz,0.03027343750015501,0.0361248651717909,2.5,3.9628056733104815,-0.1128823831501942,0.17342925815050422,False
haxs.stage5c2gR32.batch-statistics.v1,limit_spin_density_zero_rect2x3,rect2x3_hole_2,508,1491292188,0.44545454545454544,Sx,2.451192990563753,0.006847017741417523,2.5,3.9628056733104815,2.4240595898128063,2.4783263913147,False
haxs.stage5c2gR32.batch-statistics.v1,limit_spin_density_zero_rect2x3,rect2x3_hole_2,508,1491292188,0.44545454545454544,Sy,-0.03178245306923347,0.037124046674492026,2.5,3.9628056733104815,-0.17889783584715357,0.11533292970868664,False
haxs.stage5c2gR32.batch-statistics.v1,limit_spin_density_zero_rect2x3,rect2x3_hole_2,508,1491292188,0.44545454545454544,Sz,0.030273437500106828,0.03612486517181487,2.5,3.9628056733104815,-0.11288238315033736,0.17342925815055102,False
haxs.stage5c2gR32.batch-statistics.v1,limit_spin_density_zero_rect2x3,rect2x3_hole_2,508,1491292188,0.47727272727272724,Sx,2.444451994512724,0.0072830771887286904,2.5,3.9628056733104815,2.415590574910072,2.4733134141153763,False
haxs.stage5c2gR32.batch-statistics.v1,limit_spin_density_zero_rect2x3,rect2x3_hole_2,508,1491292188,0.47727272727272724,Sy,-0.03239992279467134,0.037396941152778064,2.5,3.9628056733104815,-0.1805967333593585,0.1157968877700158,False
haxs.stage5c2gR32.batch-statistics.v1,limit_spin_density_zero_rect2x3,rect2x3_hole_2,508,1491292188,0.47727272727272724,Sz,0.030273437500041467,0.036124865171835704,2.5,3.9628056733104815,-0.1128823831504853,0.17342925815056823,False
haxs.stage5c2gR32.batch-statistics.v1,limit_spin_density_zero_rect2x3,rect2x3_hole_2,508,1491292188,0.509090909090909,Sx,2.4373975526841947,0.007710814131308452,2.5,3.9628056733104815,2.406841094698803,2.4679540106695863,False
haxs.stage5c2gR32.batch-statistics.v1,limit_spin_density_zero_rect2x3,rect2x3_hole_2,508,1491292188,0.509090909090909,Sy,-0.03301666238567481,0.03768161990301934,2.5,3.9628056733104815,-0.182341599516889,0.1163082747455394,False
haxs.stage5c2gR32.batch-statistics.v1,limit_spin_density_zero_rect2x3,rect2x3_hole_2,508,1491292188,0.509090909090909,Sz,0.0302734374999604,0.03612486517185324,2.5,3.9628056733104815,-0.11288238315063584,0.17342925815055663,False
haxs.stage5c2gR32.batch-statistics.v1,limit_spin_density_zero_rect2x3,rect2x3_hole_2,508,1491292188,0.5409090909090909,Sx,2.4300563700497833,0.008130568702981521,2.5,3.9628056733104815,2.3978365062663674,2.462276233833199,False
haxs.stage5c2gR32.batch-statistics.v1,limit_spin_density_zero_rect2x3,rect2x3_hole_2,508,1491292188,0.5409090909090909,Sy,-0.03363016069034474,0.03797720413319355,2.5,3.9628056733104815,-0.1841264406858344,0.1168661193051449,False
haxs.stage5c2gR32.batch-statistics.v1,limit_spin_density_zero_rect2x3,rect2x3_hole_2,508,1491292188,0.5409090909090909,Sz,0.03027343749986583,0.03612486517186724,2.5,3.9628056733104815,-0.11288238315078589,0.17342925815051755,False
haxs.stage5c2gR32.batch-statistics.v1,limit_spin_density_zero_rect2x3,rect2x3_hole_2,508,1491292188,0.5727272727272726,Sx,2.4224549459967437,0.008542790585141234,2.5,3.9628056733104815,2.3886015270000427,2.4563083649934447,False
haxs.stage5c2gR32.batch-statistics.v1,limit_spin_density_zero_rect2x3,rect2x3_hole_2,508,1491292188,0.5727272727272726,Sy,-0.03423808812190426,0.03828281136469271,2.5,3.9628056733104815,-0.18594543018818352,0.11746925394437499,False
haxs.stage5c2gR32.batch-statistics.v1,limit_spin_density_zero_rect2x3,rect2x3_hole_2,508,1491292188,0.5727272727272726,Sz,0.03027343749976027,0.036124865171877525,2.5,3.9628056733104815,-0.11288238315093221,0.17342925815045276,False
haxs.stage5c2gR32.batch-statistics.v1,limit_spin_density_zero_rect2x3,rect2x3_hole_2,508,1491292188,0.6045454545454545,Sx,2.414619193356647,0.008948018798497197,2.5,3.9628056733104815,2.3791599336970735,2.450078453016221,False
haxs.stage5c2gR32.batch-statistics.v1,limit_spin_density_zero_rect2x3,rect2x3_hole_2,508,1491292188,0.6045454545454545,Sy,-0.03483834959675826,0.038597558695416034,2.5,3.9628056733104815,-0.18779297417088725,0.11811627497737072,False
haxs.stage5c2gR32.batch-statistics.v1,limit_spin_density_zero_rect2x3,rect2x3_hole_2,508,1491292188,0.6045454545454545,Sz,0.030273437499646227,0.03612486517188414,2.5,3.9628056733104815,-0.11288238315107246,0.17342925815036492,False
haxs.stage5c2gR32.batch-statistics.v1,limit_spin_density_zero_rect2x3,rect2x3_hole_2,508,1491292188,0.6363636363636362,Sx,2.4065740623373126,0.009346860145059376,2.5,3.9628056733104815,2.3695342719268315,2.4436138527477937,False
haxs.stage5c2gR32.batch-statistics.v1,limit_spin_density_zero_rect2x3,rect2x3_hole_2,508,1491292188,0.6363636363636362,Sy,-0.035429132052328526,0.038920565225371434,2.5,3.9628056733104815,-0.1896637687358811,0.11880550463122402,False
haxs.stage5c2gR32.batch-statistics.v1,limit_spin_density_zero_rect2x3,rect2x3_hole_2,508,1491292188,0.6363636363636362,Sz,0.030273437499526525,0.03612486517188726,2.5,3.9628056733104815,-0.11288238315120455,0.1734292581502576,False
haxs.stage5c2gR32.batch-statistics.v1,limit_spin_density_zero_rect2x3,rect2x3_hole_2,508,1491292188,0.6681818181818181,Sx,2.3983431817235155,0.009739968101333634,2.5,3.9628056733104815,2.3597455808736876,2.4369407825733433,False
haxs.stage5c2gR32.batch-statistics.v1,limit_spin_density_zero_rect2x3,rect2x3_hole_2,508,1491292188,0.6681818181818181,Sy,-0.03600894542731901,0.03925095399791245,2.5,3.9628056733104815,-0.19155284861309518,0.11953495775845718,False
haxs.stage5c2gR32.batch-statistics.v1,limit_spin_density_zero_rect2x3,rect2x3_hole_2,508,1491292188,0.6681818181818181,Sz,0.030273437499403772,0.03612486517188709,2.5,3.9628056733104815,-0.1128823831513266,0.17342925815013416,False
haxs.stage5c2gR32.batch-statistics.v1,limit_spin_density_zero_rect2x3,rect2x3_hole_2,508,1491292188,0.7,Sx,2.389948530109522,0.010128023871507146,2.5,3.9628056733104815,2.3498131396520896,2.4300839205669544,False
haxs.stage5c2gR32.batch-statistics.v1,limit_spin_density_zero_rect2x3,rect2x3_hole_2,508,1491292188,0.7,Sy,-0.036576656352378396,0.03958785390313756,2.5,3.9628056733104815,-0.1934556283939184,0.12030231568916161,False
haxs.stage5c2gR32.batch-statistics.v1,limit_spin_density_zero_rect2x3,rect2x3_hole_2,508,1491292188,0.7,Sz,0.030273437499279986,0.03612486517188392,2.5,3.9628056733104815,-0.11288238315143784,0.17342925814999782,False
haxs.stage5c2gR32.batch-statistics.v1,limit_spin_density_zero_rect2x3,rect2x3_hole_2,508,1491292188,0.7318181818181817,Sx,2.381410149263195,0.010511720986347119,2.5,3.9628056733104815,2.339754241702242,2.423066056824148,False
haxs.stage5c2gR32.batch-statistics.v1,limit_spin_density_zero_rect2x3,rect2x3_hole_2,508,1491292188,0.7318181818181817,Sy,-0.03713151415771289,0.03993040200951267,2.5,3.9628056733104815,-0.19536793777857797,0.12110490946315218,False
haxs.stage5c2gR32.batch-statistics.v1,limit_spin_density_zero_rect2x3,rect2x3_hole_2,508,1491292188,0.7318181818181817,Sz,0.03027343749915696,0.03612486517187837,2.5,3.9628056733104815,-0.1128823831515389,0.1734292581498528,False
haxs.stage5c2gR32.batch-statistics.v1,limit_spin_density_zero_rect2x3,rect2x3_hole_2,508,1491292188,0.7636363636363636,Sx,2.3727459099714836,0.010891754322276244,2.5,3.9628056733104815,2.3295840041508633,2.415907815792104,False
haxs.stage5c2gR32.batch-statistics.v1,limit_spin_density_zero_rect2x3,rect2x3_hole_2,508,1491292188,0.7636363636363636,Sy,-0.03767316909461775,0.04027774672609527,2.5,3.9628056733104815,-0.19728605232895075,0.12193971413971526,False
haxs.stage5c2gR32.batch-statistics.v1,limit_spin_density_zero_rect2x3,rect2x3_hole_2,508,1491292188,0.7636363636363636,Sz,0.030273437499035924,0.036124865171871,2.5,3.9628056733104815,-0.1128823831516307,0.17342925814970256,False
haxs.stage5c2gR32.batch-statistics.v1,limit_spin_density_zero_rect2x3,rect2x3_hole_2,508,1491292188,0.7954545454545454,Sx,2.3639713379976226,0.01126881379048923,2.5,3.9628056733104815,2.3193152187771924,2.408627457218053,False
haxs.stage5c2gR32.batch-statistics.v1,limit_spin_density_zero_rect2x3,rect2x3_hole_2,508,1491292188,0.7954545454545454,Sy,-0.0382016828412383,0.04062905205668549,2.5,3.9628056733104815,-0.19920672083269847,0.12280335515022185,False
haxs.stage5c2gR32.batch-statistics.v1,limit_spin_density_zero_rect2x3,rect2x3_hole_2,508,1491292188,0.7954545454545454,Sz,0.03027343749891802,0.03612486517186234,2.5,3.9628056733104815,-0.1128823831517143,0.17342925814955035,False
haxs.stage5c2gR32.batch-statistics.v1,limit_spin_density_zero_rect2x3,rect2x3_hole_2,508,1491292188,0.8272727272727272,Sx,2.355099504348555,0.01164358230219228,2.5,3.9628056733104815,2.30895825034377,2.40124075835334,False
haxs.stage5c2gR32.batch-statistics.v1,limit_spin_density_zero_rect2x3,rect2x3_hole_2,508,1491292188,0.8272727272727272,Sy,-0.03871753139321325,0.04098350300970253,2.5,3.9628056733104815,-0.2011271896321996,0.12369212684577312,False
haxs.stage5c2gR32.batch-statistics.v1,limit_spin_density_zero_rect2x3,rect2x3_hole_2,508,1491292188,0.8272727272727272,Sz,0.030273437498803856,0.036124865171853274,2.5,3.9628056733104815,-0.11288238315179251,0.17342925814940022,False
haxs.stage5c2gR32.batch-statistics.v1,limit_spin_density_zero_rect2x3,rect2x3_hole_2,508,1491292188,0.859090909090909,Sx,2.3461409802634026,0.012016737049667969,2.5,3.9628056733104815,2.298520986508298,2.393760974018507,False
haxs.stage5c2gR32.batch-statistics.v1,limit_spin_density_zero_rect2x3,rect2x3_hole_2,508,1491292188,0.859090909090909,Sy,-0.03922160033047721,0.04134031200597823,2.5,3.9628056733104815,-0.20304522328419317,0.12460202262323873,False
haxs.stage5c2gR32.batch-statistics.v1,limit_spin_density_zero_rect2x3,rect2x3_hole_2,508,1491292188,0.859090909090909,Sz,0.030273437498693986,0.03612486517184436,2.5,3.9628056733104815,-0.11288238315186705,0.17342925814925503,False
haxs.stage5c2gR32.batch-statistics.v1,limit_spin_density_zero_rect2x3,rect2x3_hole_2,508,1491292188,0.8909090909090909,Sx,2.3371038535983324,0.012388952735797253,2.5,3.9628056733104815,2.2880088414105395,2.3861988657861253,False
haxs.stage5c2gR32.batch-statistics.v1,limit_spin_density_zero_rect2x3,rect2x3_hole_2,508,1491292188,0.8909090909090909,Sy,-0.03971517223571769,0.041698725918766145,2.5,3.9628056733104815,-0.20495911987642298,0.1255287754049876,False
haxs.stage5c2gR32.batch-statistics.v1,limit_spin_density_zero_rect2x3,rect2x3_hole_2,508,1491292188,0.8909090909090909,Sz,0.030273437498589,0.03612486517183646,2.5,3.9628056733104815,-0.11288238315194075,0.17342925814911875,False
haxs.stage5c2gR32.batch-statistics.v1,limit_spin_density_zero_rect2x3,rect2x3_hole_2,508,1491292188,0.9227272727272726,Sx,2.3279937999972957,0.012760905190389114,2.5,3.9628056733104815,2.2774248125122445,2.378562787482347,False
haxs.stage5c2gR32.batch-statistics.v1,limit_spin_density_zero_rect2x3,rect2x3_hole_2,508,1491292188,0.9227272727272726,Sy,-0.040199905776245916,0.042058033221868324,2.5,3.9628056733104815,-0.2068677184361464,0.12646790688365458,False
haxs.stage5c2gR32.batch-statistics.v1,limit_spin_density_zero_rect2x3,rect2x3_hole_2,508,1491292188,0.9227272727272726,Sz,0.030273437498489836,0.03612486517183025,2.5,3.9628056733104815,-0.1128823831520153,0.17342925814899499,False
haxs.stage5c2gR32.batch-statistics.v1,limit_spin_density_zero_rect2x3,rect2x3_hole_2,508,1491292188,0.9545454545454545,Sx,2.3188141997322678,0.013133273847452826,2.5,3.9628056733104815,2.2667695876204417,2.370858811844094,False
haxs.stage5c2gR32.batch-statistics.v1,limit_spin_density_zero_rect2x3,rect2x3_hole_2,508,1491292188,0.9545454545454545,Sy,-0.04067780572310841,0.04241757063964239,2.5,3.9628056733104815,-0.2087703953019314,0.12741478385571456,False
haxs.stage5c2gR32.batch-statistics.v1,limit_spin_density_zero_rect2x3,rect2x3_hole_2,508,1491292188,0.9545454545454545,Sz,0.030273437498397306,0.03612486517182631,2.5,3.9628056733104815,-0.1128823831520922,0.17342925814888682,False
haxs.stage5c2gR32.batch-statistics.v1,limit_spin_density_zero_rect2x3,rect2x3_hole_2,508,1491292188,0.9863636363636362,Sx,2.309566289587165,0.013506741803761615,2.5,3.9628056733104815,2.256041696539279,2.3630908826350514,False
haxs.stage5c2gR32.batch-statistics.v1,limit_spin_density_zero_rect2x3,rect2x3_hole_2,508,1491292188,0.9863636363636362,Sy,-0.04115118304556817,0.042776728699479974,2.5,3.9628056733104815,-0.2106670462215307,0.12836468013039437,False
haxs.stage5c2gR32.batch-statistics.v1,limit_spin_density_zero_rect2x3,rect2x3_hole_2,508,1491292188,0.9863636363636362,Sz,0.030273437498312745,0.03612486517182514,2.5,3.9628056733104815,-0.11288238315217217,0.17342925814879764,False
haxs.stage5c2gR32.batch-statistics.v1,limit_spin_density_zero_rect2x3,rect2x3_hole_2,508,1491292188,1.018181818181818,Sx,2.3002493387268665,0.013881992585050146,2.5,3.9628056733104815,2.2452376997539756,2.3552609776997575,False
haxs.stage5c2gR32.batch-statistics.v1,limit_spin_density_zero_rect2x3,rect2x3_hole_2,508,1491292188,1.018181818181818,Sy,-0.04162260425136437,0.043134955679796756,2.5,3.9628056733104815,-0.21255805133725914,0.12931284283453037,False
haxs.stage5c2gR32.batch-statistics.v1,limit_spin_density_zero_rect2x3,rect2x3_hole_2,508,1491292188,1.018181818181818,Sz,0.03027343749823763,0.03612486517182715,2.5,3.9628056733104815,-0.11288238315225521,0.17342925814873048,False
haxs.stage5c2gR32.batch-statistics.v1,limit_spin_density_zero_rect2x3,rect2x3_hole_2,508,1491292188,1.0499999999999998,Sx,2.290860838074717,0.014259703241165534,2.5,3.9628056733104815,2.2343524051709025,2.3473692709785317,False
haxs.stage5c2gR32.batch-statistics.v1,limit_spin_density_zero_rect2x3,rect2x3_hole_2,508,1491292188,1.0499999999999998,Sy,-0.04209482938699524,0.04349175960660562,2.5,3.9628056733104815,-0.21444422109830763,0.13025456232431715,False
haxs.stage5c2gR32.batch-statistics.v1,limit_spin_density_zero_rect2x3,rect2x3_hole_2,508,1491292188,1.0499999999999998,Sz,0.03027343749817373,0.03612486517183255,2.5,3.9628056733104815,-0.1128823831523405,0.17342925814868798,False
haxs.stage5c2gR32.batch-statistics.v1,limit_spin_density_zero_rect2x3,rect2x3_hole_2,508,1491292188,1.0818181818181818,Sx,2.2813966941406596,0.01464053389793732,2.5,3.9628056733104815,2.223379103349619,2.3394142849317,False
haxs.stage5c2gR32.batch-statistics.v1,limit_spin_density_zero_rect2x3,rect2x3_hole_2,508,1491292188,1.0818181818181818,Sy,-0.04257073858124383,0.04384670815090055,2.5,3.9628056733104815,-0.21632672239762143,0.13118524523513378,False
haxs.stage5c2gR32.batch-statistics.v1,limit_spin_density_zero_rect2x3,rect2x3_hole_2,508,1491292188,1.0818181818181818,Sz,0.03027343749812274,0.03612486517184135,2.5,3.9628056733104815,-0.1128823831524264,0.17342925814867188,False
haxs.stage5c2gR32.batch-statistics.v1,limit_spin_density_zero_rect2x3,rect2x3_hole_2,508,1491292188,1.1136363636363635,Sx,2.271851420236316,0.015025114340624928,2.5,3.9628056733104815,2.2123098118851487,2.331393028587483,False
haxs.stage5c2gR32.batch-statistics.v1,limit_spin_density_zero_rect2x3,rect2x3_hole_2,508,1491292188,1.1136363636363635,Sy,-0.0430532476898735,0.04419942648459271,2.5,3.9628056733104815,-0.21820698572008707,0.13210049034034005,False
haxs.stage5c2gR32.batch-statistics.v1,limit_spin_density_zero_rect2x3,rect2x3_hole_2,508,1491292188,1.1136363636363635,Sz,0.03027343749808613,0.036124865171853496,2.5,3.9628056733104815,-0.11288238315251113,0.1734292581486834,False
haxs.stage5c2gR32.batch-statistics.v1,limit_spin_density_zero_rect2x3,rect2x3_hole_2,508,1491292188,1.1454545454545453,Sx,2.2622183202892763,0.01541402853836688,2.5,3.9628056733104815,2.2011355205488665,2.323301120029686,False
haxs.stage5c2gR32.batch-statistics.v1,limit_spin_density_zero_rect2x3,rect2x3_hole_2,508,1491292188,1.1454545454545453,Sy,-0.04354521442938773,0.04454959333401811,2.5,3.9628056733104815,-0.22008659563710953,0.13299616677833404,False
haxs.stage5c2gR32.batch-statistics.v1,limit_spin_density_zero_rect2x3,rect2x3_hole_2,508,1491292188,1.1454545454545453,Sz,0.030273437498065214,0.036124865171868595,2.5,3.9628056733104815,-0.11288238315259189,0.17342925814872232,False
haxs.stage5c2gR32.batch-statistics.v1,limit_spin_density_zero_rect2x3,rect2x3_hole_2,508,1491292188,1.1772727272727272,Sx,2.252489662744296,0.015807798212286252,2.5,3.9628056733104815,2.1898464303061007,2.3151328951824914,False
haxs.stage5c2gR32.batch-statistics.v1,limit_spin_density_zero_rect2x3,rect2x3_hole_2,508,1491292188,1.1772727272727272,Sy,-0.044049337297815364,0.04489693560407121,2.5,3.9628056733104815,-0.2219671684238841,0.1338684938282534,False
haxs.stage5c2gR32.batch-statistics.v1,limit_spin_density_zero_rect2x3,rect2x3_hole_2,508,1491292188,1.1772727272727272,Sz,0.03027343749806061,0.03612486517188631,2.5,3.9628056733104815,-0.11288238315266669,0.1734292581487879,False
haxs.stage5c2gR32.batch-statistics.v1,limit_spin_density_zero_rect2x3,rect2x3_hole_2,508,1491292188,1.209090909090909,Sx,2.2426568440826853,0.016206866598947222,2.5,3.9628056733104815,2.178432181177791,2.3068815069875797,False
haxs.stage5c2gR32.batch-statistics.v1,limit_spin_density_zero_rect2x3,rect2x3_hole_2,508,1491292188,1.209090909090909,Sy,-0.04456805048005293,0.04524122202077523,2.5,3.9628056733104815,-0.22385022177148012,0.13471412081137424,False
haxs.stage5c2gR32.batch-statistics.v1,limit_spin_density_zero_rect2x3,rect2x3_hole_2,508,1491292188,1.209090909090909,Sz,0.030273437498072587,0.03612486517190613,2.5,3.9628056733104815,-0.11288238315273323,0.1734292581488784,False
haxs.stage5c2gR32.batch-statistics.v1,limit_spin_density_zero_rect2x3,rect2x3_hole_2,508,1491292188,1.2409090909090907,Sx,2.2327105431423773,0.016611583485388163,2.5,3.9628056733104815,2.16688206586381,2.2985390204209444,False
haxs.stage5c2gR32.batch-statistics.v1,limit_spin_density_zero_rect2x3,rect2x3_hole_2,508,1491292188,1.2409090909090907,Sy,-0.04510341872926023,0.0455822562552055,2.5,3.9628056733104815,-0.22573704241968073,0.1355302049611603,False
haxs.stage5c2gR32.batch-statistics.v1,limit_spin_density_zero_rect2x3,rect2x3_hole_2,508,1491292188,1.2409090909090907,Sz,0.03027343749810054,0.03612486517192736,2.5,3.9628056733104815,-0.11288238315278942,0.17342925814899052,False
haxs.stage5c2gR32.batch-statistics.v1,limit_spin_density_zero_rect2x3,rect2x3_hole_2,508,1491292188,1.2727272727272725,Sx,2.2226408686015717,0.017022192427047524,2.5,3.9628056733104815,2.155185227879485,2.2900965093236585,False
haxs.stage5c2gR32.batch-statistics.v1,limit_spin_density_zero_rect2x3,rect2x3_hole_2,508,1491292188,1.2727272727272725,Sy,-0.04565703681520905,0.04591986995681116,2.5,3.9628056733104815,-0.22762855799773984,0.13631448436732174,False
haxs.stage5c2gR32.batch-statistics.v1,limit_spin_density_zero_rect2x3,rect2x3_hole_2,508,1491292188,1.2727272727272725,Sz,0.030273437498143096,0.036124865171949495,2.5,3.9628056733104815,-0.11288238315283458,0.17342925814912077,False
haxs.stage5c2gR32.batch-statistics.v1,limit_spin_density_zero_rect2x3,rect2x3_hole_2,508,1491292188,1.3045454545454545,Sx,2.2124375026873433,0.017438820846927442,2.5,3.9628056733104815,2.1433308444992942,2.2815441608753924,False
haxs.stage5c2gR32.batch-statistics.v1,limit_spin_density_zero_rect2x3,rect2x3_hole_2,508,1491292188,1.3045454545454545,Sy,-0.04622993846187861,0.04625391605557701,2.5,3.9628056733104815,-0.22952521941974596,0.13706534249598873,False
haxs.stage5c2gR32.batch-statistics.v1,limit_spin_density_zero_rect2x3,rect2x3_hole_2,508,1491292188,1.3045454545454545,Sz,0.030273437498198413,0.036124865171971776,2.5,3.9628056733104815,-0.11288238315286755,0.17342925814926438,False
haxs.stage5c2gR32.batch-statistics.v1,limit_spin_density_zero_rect2x3,rect2x3_hole_2,508,1491292188,1.3363636363636362,Sx,2.2020898444307537,0.017861473492187876,2.5,3.9628056733104815,2.131308295942227,2.2728713929192805,False
haxs.stage5c2gR32.batch-statistics.v1,limit_spin_density_zero_rect2x3,rect2x3_hole_2,508,1491292188,1.3363636363636362,Sy,-0.046822519708935896,0.04658426260878867,2.5,3.9628056733104815,-0.23142689986202894,0.13778186044415716,False
haxs.stage5c2gR32.batch-statistics.v1,limit_spin_density_zero_rect2x3,rect2x3_hole_2,508,1491292188,1.3363636363636362,Sz,0.030273437498264076,0.03612486517199361,2.5,3.9628056733104815,-0.11288238315288843,0.1734292581494166,False
haxs.stage5c2gR32.batch-statistics.v1,limit_spin_density_zero_rect2x3,rect2x3_hole_2,508,1491292188,1.368181818181818,Sx,2.1915871556810327,0.018290029522623097,2.5,3.9628056733104815,2.1191073229237656,2.2640669884383,False
haxs.stage5c2gR32.batch-statistics.v1,limit_spin_density_zero_rect2x3,rect2x3_hole_2,508,1491292188,1.368181818181818,Sy,-0.04743448130050704,0.04691078738642267,2.5,3.9628056733104815,-0.23333281569488457,0.1384638530938705,False
haxs.stage5c2gR32.batch-statistics.v1,limit_spin_density_zero_rect2x3,rect2x3_hole_2,508,1491292188,1.368181818181818,Sz,0.030273437498337077,0.03612486517201444,2.5,3.9628056733104815,-0.11288238315289797,0.17342925814957214,False
haxs.stage5c2gR32.batch-statistics.v1,limit_spin_density_zero_rect2x3,rect2x3_hole_2,508,1491292188,1.4,Sx,2.18091871268943,0.018724243340736902,2.5,3.9628056733104815,2.1067181749503114,2.255119250428548,False
haxs.stage5c2gR32.batch-statistics.v1,limit_spin_density_zero_rect2x3,rect2x3_hole_2,508,1491292188,1.4,Sy,-0.04806479403307962,0.04723337332173352,2.5,3.9628056733104815,-0.23524147380203714,0.1391118857358779,False
haxs.stage5c2gR32.batch-statistics.v1,limit_spin_density_zero_rect2x3,rect2x3_hole_2,508,1491292188,1.4,Sz,0.030273437498414664,0.03612486517203367,2.5,3.9628056733104815,-0.11288238315289659,0.1734292581497259,False
haxs.stage5c2gR32.batch-statistics.v1,limit_spin_density_zero_rect2x3,rect2x3_hole_2,509,1503534216,0.0,Sx,2.5,0.0,2.5,3.9628056733104815,2.5,2.5,False
haxs.stage5c2gR32.batch-statistics.v1,limit_spin_density_zero_rect2x3,rect2x3_hole_2,509,1503534216,0.0,Sy,-0.021484375,0.034784909139488666,2.5,3.9628056733104815,-0.15933021028355532,0.11636146028355532,False
haxs.stage5c2gR32.batch-statistics.v1,limit_spin_density_zero_rect2x3,rect2x3_hole_2,509,1503534216,0.0,Sz,-0.138671875,0.033509877464228795,2.5,3.9628056733104815,-0.27146500752718494,-0.005878742472815085,False
haxs.stage5c2gR32.batch-statistics.v1,limit_spin_density_zero_rect2x3,rect2x3_hole_2,509,1503534216,0.031818181818181815,Sx,2.499416247011527,0.00048749785682074715,2.5,3.9628056733104815,2.497484387738791,2.501348106284263,False
haxs.stage5c2gR32.batch-statistics.v1,limit_spin_density_zero_rect2x3,rect2x3_hole_2,509,1503534216,0.031818181818181815,Sy,-0.018706948367499563,0.03482318302909163,2.5,3.9628056733104815,-0.15670445563791316,0.11929055890291404,False
haxs.stage5c2gR32.batch-statistics.v1,limit_spin_density_zero_rect2x3,rect2x3_hole_2,509,1503534216,0.031818181818181815,Sz,-0.13867187499992278,0.033509877464231265,2.5,3.9628056733104815,-0.2714650075271175,-0.005878742472728071,False
haxs.stage5c2gR32.batch-statistics.v1,limit_spin_density_zero_rect2x3,rect2x3_hole_2,509,1503534216,0.06363636363636363,Sx,2.4982728489233774,0.0009729950637282773,2.5,3.9628056733104815,2.494417058564732,2.502128639282023,False
haxs.stage5c2gR32.batch-statistics.v1,limit_spin_density_zero_rect2x3,rect2x3_hole_2,509,1503534216,0.06363636363636363,Sy,-0.015947026277150667,0.03488179350028015,2.5,3.9628056733104815,-0.15417679545530552,0.12228274290100419,False
haxs.stage5c2gR32.batch-statistics.v1,limit_spin_density_zero_rect2x3,rect2x3_hole_2,509,1503534216,0.06363636363636363,Sz,-0.13867187499986838,0.033509877464238946,2.5,3.9628056733104815,-0.27146500752709357,-0.0058787424726432225,False
haxs.stage5c2gR32.batch-statistics.v1,limit_spin_density_zero_rect2x3,rect2x3_hole_2,509,1503534216,0.09545454545454544,Sx,2.4965746910070745,0.0014550982755015052,2.5,3.9628056733104815,2.4908084193056927,2.5023409627084563,False
haxs.stage5c2gR32.batch-statistics.v1,limit_spin_density_zero_rect2x3,rect2x3_hole_2,509,1503534216,0.09545454545454544,Sy,-0.013201508836835203,0.034960567921193585,2.5,3.9628056733104815,-0.15174344573709758,0.12534042806342716,False
haxs.stage5c2gR32.batch-statistics.v1,limit_spin_density_zero_rect2x3,rect2x3_hole_2,509,1503534216,0.09545454545454544,Sz,-0.13867187499983913,0.03350987746425151,2.5,3.9628056733104815,-0.2714650075271141,-0.005878742472564175,False
haxs.stage5c2gR32.batch-statistics.v1,limit_spin_density_zero_rect2x3,rect2x3_hole_2,509,1503534216,0.12727272727272726,Sx,2.494329249882617,0.0019324822968680266,2.5,3.9628056733104815,2.486671198073016,2.5019873016922176,False
haxs.stage5c2gR32.batch-statistics.v1,limit_spin_density_zero_rect2x3,rect2x3_hole_2,509,1503534216,0.12727272727272726,Sy,-0.010467276955933098,0.03505922684980724,2.5,3.9628056733104815,-0.14940018001822838,0.12846562610636217,False
haxs.stage5c2gR32.batch-statistics.v1,limit_spin_density_zero_rect2x3,rect2x3_hole_2,509,1503534216,0.12727272727272726,Sz,-0.13867187499983696,0.0335098774642687,2.5,3.9628056733104815,-0.27146500752718006,-0.0058787424724938975,False
haxs.stage5c2gR32.batch-statistics.v1,limit_spin_density_zero_rect2x3,rect2x3_hole_2,509,1503534216,0.15909090909090906,Sx,2.4915465533167294,0.002403916936194594,2.5,3.9628056733104815,2.4820202976438104,2.5010728089896483,False
haxs.stage5c2gR32.batch-statistics.v1,limit_spin_density_zero_rect2x3,rect2x3_hole_2,509,1503534216,0.15909090909090906,Sy,-0.007741237576218854,0.03517738591778411,2.5,3.9628056733104815,-0.147142382063446,0.13165990691100826,False
haxs.stage5c2gR32.batch-statistics.v1,limit_spin_density_zero_rect2x3,rect2x3_hole_2,509,1503534216,0.15909090909090906,Sz,-0.13867187499986197,0.03350987746428994,2.5,3.9628056733104815,-0.2714650075272892,-0.00587874247243475,False
haxs.stage5c2gR32.batch-statistics.v1,limit_spin_density_zero_rect2x3,rect2x3_hole_2,509,1503534216,0.1909090909090909,Sx,2.4882391286521415,0.0028682926750307654,2.5,3.9628056733104815,2.4768726421668146,2.4996056151374684,False
haxs.stage5c2gR32.batch-statistics.v1,limit_spin_density_zero_rect2x3,rect2x3_hole_2,509,1503534216,0.1909090909090909,Sy,-0.00502036726574283,0.03531455898573779,2.5,3.9628056733104815,-0.14496510196488221,0.13492436743339653,False
haxs.stage5c2gR32.batch-statistics.v1,limit_spin_density_zero_rect2x3,rect2x3_hole_2,509,1503534216,0.1909090909090909,Sz,-0.13867187499991337,0.03350987746431458,2.5,3.9628056733104815,-0.27146500752743824,-0.0058787424723885096,False
haxs.stage5c2gR32.batch-statistics.v1,limit_spin_density_zero_rect2x3,rect2x3_hole_2,509,1503534216,0.22272727272727272,Sx,2.484421936848101,0.0033246444211188788,2.5,3.9628056733104815,2.4712470170743512,2.497596856621851,False
haxs.stage5c2gR32.batch-statistics.v1,limit_spin_density_zero_rect2x3,rect2x3_hole_2,509,1503534216,0.22272727272727272,Sy,-0.002301753695229024,0.03547016272799368,2.5,3.9628056733104815,-0.14286311578696836,0.1382596083965103,False
haxs.stage5c2gR32.batch-statistics.v1,limit_spin_density_zero_rect2x3,rect2x3_hole_2,509,1503534216,0.22272727272727272,Sz,-0.1386718749999902,0.03350987746434183,2.5,3.9628056733104815,-0.27146500752762304,-0.00587874247235734,False
haxs.stage5c2gR32.batch-statistics.v1,limit_spin_density_zero_rect2x3,rect2x3_hole_2,509,1503534216,0.2545454545454545,Sx,2.480112288351395,0.0037721724272993715,2.5,3.9628056733104815,2.4651639020557874,2.4950606746470023,False
haxs.stage5c2gR32.batch-statistics.v1,limit_spin_density_zero_rect2x3,rect2x3_hole_2,509,1503534216,0.2545454545454545,Sy,0.00041736544746863924,0.035643522784578746,2.5,3.9628056733104815,-0.14083098886003143,0.14166571975496872,False
haxs.stage5c2gR32.batch-statistics.v1,limit_spin_density_zero_rect2x3,rect2x3_hole_2,509,1503534216,0.2545454545454545,Sz,-0.138671875000089,0.033509877464370875,2.5,3.9628056733104815,-0.271465007527837,-0.0058787424723410475,False
haxs.stage5c2gR32.batch-statistics.v1,limit_spin_density_zero_rect2x3,rect2x3_hole_2,509,1503534216,0.2863636363636363,Sx,2.4753297364566653,0.004210259336916776,2.5,3.9628056733104815,2.4586452968702233,2.4920141760431074,False
haxs.stage5c2gR32.batch-statistics.v1,limit_spin_density_zero_rect2x3,rect2x3_hole_2,509,1503534216,0.2863636363636363,Sy,0.0031395664880123015,0.03583388156207361,2.5,3.9628056733104815,-0.13886314266290883,0.14514227563893345,False
haxs.stage5c2gR32.batch-statistics.v1,limit_spin_density_zero_rect2x3,rect2x3_hole_2,509,1503534216,0.2863636363636363,Sz,-0.13867187500020683,0.033509877464400845,2.5,3.9628056733104815,-0.27146500752807357,-0.005878742472340104,False
haxs.stage5c2gR32.batch-statistics.v1,limit_spin_density_zero_rect2x3,rect2x3_hole_2,509,1503534216,0.3181818181818181,Sx,2.470095943561328,0.004638482295588661,2.5,3.9628056733104815,2.451714539604819,2.488477347517837,False
haxs.stage5c2gR32.batch-statistics.v1,limit_spin_density_zero_rect2x3,rect2x3_hole_2,509,1503534216,0.3181818181818181,Sy,0.005867207038895445,0.03604040767493787,2.5,3.9628056733104815,-0.13695392496377096,0.14868833904156187,False
haxs.stage5c2gR32.batch-statistics.v1,limit_spin_density_zero_rect2x3,rect2x3_hole_2,509,1503534216,0.3181818181818181,Sz,-0.13867187500034028,0.03350987746443093,2.5,3.9628056733104815,-0.27146500752832625,-0.0058787424723543424,False
haxs.stage5c2gR32.batch-statistics.v1,limit_spin_density_zero_rect2x3,rect2x3_hole_2,509,1503534216,0.35,Sx,2.464434515877422,0.005056619172321679,2.5,3.9628056733104815,2.444396116733575,2.4844729150212688,False
haxs.stage5c2gR32.batch-statistics.v1,limit_spin_density_zero_rect2x3,rect2x3_hole_2,509,1503534216,0.35,Sy,0.008602396706331696,0.036262206902163335,2.5,3.9628056733104815,-0.13509768253231966,0.15230247594498306,False
haxs.stage5c2gR32.batch-statistics.v1,limit_spin_density_zero_rect2x3,rect2x3_hole_2,509,1503534216,0.35,Sz,-0.13867187500048425,0.03350987746446029,2.5,3.9628056733104815,-0.27146500752858654,-0.005878742472381959,False
haxs.stage5c2gR32.batch-statistics.v1,limit_spin_density_zero_rect2x3,rect2x3_hole_2,509,1503534216,0.3818181818181818,Sx,2.4583708028083744,0.005464648164507279,2.5,3.9628056733104815,2.4367154640594193,2.4800261415573295,False
haxs.stage5c2gR32.batch-statistics.v1,limit_spin_density_zero_rect2x3,rect2x3_hole_2,509,1503534216,0.3818181818181818,Sy,0.011346971300274037,0.03649833440310693,2.5,3.9628056733104815,-0.13328883533874122,0.1559827779392893,False
haxs.stage5c2gR32.batch-statistics.v1,limit_spin_density_zero_rect2x3,rect2x3_hole_2,509,1503534216,0.3818181818181818,Sz,-0.13867187500063463,0.033509877464488184,2.5,3.9628056733104815,-0.2714650075288475,-0.0058787424724217885,False
haxs.stage5c2gR32.batch-statistics.v1,limit_spin_density_zero_rect2x3,rect2x3_hole_2,509,1503534216,0.4136363636363636,Sx,2.451931658370707,0.005862740408124658,2.5,3.9628056733104815,2.428698757420244,2.4751645593211697,False
haxs.stage5c2gR32.batch-statistics.v1,limit_spin_density_zero_rect2x3,rect2x3_hole_2,509,1503534216,0.4136363636363636,Sy,0.014102470491507611,0.036747807807983944,2.5,3.9628056733104815,-0.13152195077169437,0.1597268917547096,False
haxs.stage5c2gR32.batch-statistics.v1,limit_spin_density_zero_rect2x3,rect2x3_hole_2,509,1503534216,0.4136363636363636,Sz,-0.138671875000788,0.03350987746451399,2.5,3.9628056733104815,-0.2714650075291031,-0.005878742472472914,False
haxs.stage5c2gR32.batch-statistics.v1,limit_spin_density_zero_rect2x3,rect2x3_hole_2,509,1503534216,0.44545454545454544,Sx,2.4451451637211767,0.0062512456490077676,2.5,3.9628056733104815,2.4203726919980313,2.469917635444322,False
haxs.stage5c2gR32.batch-statistics.v1,limit_spin_density_zero_rect2x3,rect2x3_hole_2,509,1503534216,0.44545454545454544,Sy,0.01687011874464053,0.0370096206920619,2.5,3.9628056733104815,-0.12979181610093135,0.16353205359021242,False
haxs.stage5c2gR32.batch-statistics.v1,limit_spin_density_zero_rect2x3,rect2x3_hole_2,509,1503534216,0.44545454545454544,Sz,-0.1386718750009399,0.033509877464537145,2.5,3.9628056733104815,-0.27146500752934677,-0.005878742472533033,False
haxs.stage5c2gR32.batch-statistics.v1,limit_spin_density_zero_rect2x3,rect2x3_hole_2,509,1503534216,0.47727272727272724,Sx,2.4380403119634813,0.006630671516081782,2.5,3.9628056733104815,2.411764249261694,2.4643163746652683,False
haxs.stage5c2gR32.batch-statistics.v1,limit_spin_density_zero_rect2x3,rect2x3_hole_2,509,1503534216,0.47727272727272724,Sy,0.019650809269553943,0.03728275587692253,2.5,3.9628056733104815,-0.12809350723616433,0.16739512577527224,False
haxs.stage5c2gR32.batch-statistics.v1,limit_spin_density_zero_rect2x3,rect2x3_hole_2,509,1503534216,0.47727272727272724,Sz,-0.1386718750010874,0.03350987746455718,2.5,3.9628056733104815,-0.27146500752957364,-0.005878742472601173,False
haxs.stage5c2gR32.batch-statistics.v1,limit_spin_density_zero_rect2x3,rect2x3_hole_2,509,1503534216,0.509090909090909,Sx,2.430646658823124,0.007001657430203609,2.5,3.9628056733104815,2.4029004510361367,2.458392866610111,False
haxs.stage5c2gR32.batch-statistics.v1,limit_spin_density_zero_rect2x3,rect2x3_hole_2,509,1503534216,0.509090909090909,Sy,0.022445090696158077,0.03756619799214737,2.5,3.9628056733104815,-0.12642245183182832,0.17131263322414447,False
haxs.stage5c2gR32.batch-statistics.v1,limit_spin_density_zero_rect2x3,rect2x3_hole_2,509,1503534216,0.509090909090909,Sz,-0.13867187500122755,0.03350987746457378,2.5,3.9628056733104815,-0.2714650075297796,-0.005878742472675502,False
haxs.stage5c2gR32.batch-statistics.v1,limit_spin_density_zero_rect2x3,rect2x3_hole_2,509,1503534216,0.5409090909090909,Sx,2.422993945314997,0.007364944636715129,2.5,3.9628056733104815,2.3938081009250047,2.452179789704989,False
haxs.stage5c2gR32.batch-statistics.v1,limit_spin_density_zero_rect2x3,rect2x3_hole_2,509,1503534216,0.5409090909090909,Sy,0.025253156205431778,0.037858944783895336,2.5,3.9628056733104815,-0.12477448496973692,0.17528079738060048,False
haxs.stage5c2gR32.batch-statistics.v1,limit_spin_density_zero_rect2x3,rect2x3_hole_2,509,1503534216,0.5409090909090909,Sz,-0.13867187500135764,0.03350987746458675,2.5,3.9628056733104815,-0.27146500752996106,-0.005878742472754217,False
haxs.stage5c2gR32.batch-statistics.v1,limit_spin_density_zero_rect2x3,rect2x3_hole_2,509,1503534216,0.5727272727272726,Sx,2.4151117009692404,0.007721344218339577,2.5,3.9628056733104815,2.384513514295221,2.4457098876432597,False
haxs.stage5c2gR32.batch-statistics.v1,limit_spin_density_zero_rect2x3,rect2x3_hole_2,509,1503534216,0.5727272727272726,Sy,0.02807483495389835,0.03816001677050891,2.5,3.9628056733104815,-0.12314589599789749,0.17929556590569418,False
haxs.stage5c2gR32.batch-statistics.v1,limit_spin_density_zero_rect2x3,rect2x3_hole_2,509,1503534216,0.5727272727272726,Sz,-0.13867187500147604,0.03350987746459606,2.5,3.9628056733104815,-0.2714650075301164,-0.005878742472835707,False
haxs.stage5c2gR32.batch-statistics.v1,limit_spin_density_zero_rect2x3,rect2x3_hole_2,509,1503534216,0.6045454545454545,Sx,2.4070288382931664,0.008071705179904687,2.5,3.9628056733104815,2.3750422392129504,2.4390154373733823,False
haxs.stage5c2gR32.batch-statistics.v1,limit_spin_density_zero_rect2x3,rect2x3_hole_2,509,1503534216,0.6045454545454545,Sy,0.03090958580743417,0.03846846500595685,2.5,3.9628056733104815,-0.12153346556171737,0.1833526371765857,False
haxs.stage5c2gR32.batch-statistics.v1,limit_spin_density_zero_rect2x3,rect2x3_hole_2,509,1503534216,0.6045454545454545,Sz,-0.138671875001582,0.033509877464601684,2.5,3.9628056733104815,-0.2714650075302446,-0.005878742472919418,False
haxs.stage5c2gR32.batch-statistics.v1,limit_spin_density_zero_rect2x3,rect2x3_hole_2,509,1503534216,0.6363636363636362,Sx,2.3987732506969768,0.008416884753876782,2.5,3.9628056733104815,2.3654187720427133,2.43212772935124,False
haxs.stage5c2gR32.batch-statistics.v1,limit_spin_density_zero_rect2x3,rect2x3_hole_2,509,1503534216,0.6363636363636362,Sy,0.03375649363744894,0.0387833768964331,2.5,3.9628056733104815,-0.1199344923578748,0.1874474796327727,False
haxs.stage5c2gR32.batch-statistics.v1,limit_spin_density_zero_rect2x3,rect2x3_hole_2,509,1503534216,0.6363636363636362,Sz,-0.13867187500167294,0.0335098774646038,2.5,3.9628056733104815,-0.27146500753034397,-0.0058787424730019355,False
haxs.stage5c2gR32.batch-statistics.v1,limit_spin_density_zero_rect2x3,rect2x3_hole_2,509,1503534216,0.6681818181818181,Sx,2.390371426895253,0.008757722923560708,2.5,3.9628056733104815,2.3556662728084854,2.4250765809820205,False
haxs.stage5c2gR32.batch-statistics.v1,limit_spin_density_zero_rect2x3,rect2x3_hole_2,509,1503534216,0.6681818181818181,Sy,0.036614268697031306,0.039103880194733,2.5,3.9628056733104815,-0.11834680958711002,0.19157534698117262,False
haxs.stage5c2gR32.batch-statistics.v1,limit_spin_density_zero_rect2x3,rect2x3_hole_2,509,1503534216,0.6681818181818181,Sz,-0.13867187500174918,0.033509877464602725,2.5,3.9628056733104815,-0.2714650075304159,-0.0058787424730824545,False
haxs.stage5c2gR32.batch-statistics.v1,limit_spin_density_zero_rect2x3,rect2x3_hole_2,509,1503534216,0.7,Sx,2.38184809466786,0.009095022787919257,2.5,3.9628056733104815,2.3458062867650056,2.4178899025707143,False
haxs.stage5c2gR32.batch-statistics.v1,limit_spin_density_zero_rect2x3,rect2x3_hole_2,509,1503534216,0.7,Sy,0.03948124984419757,0.03942914544178027,2.5,3.9628056733104815,-0.11676879140627339,0.19573129109466852,False
haxs.stage5c2gR32.batch-statistics.v1,limit_spin_density_zero_rect2x3,rect2x3_hole_2,509,1503534216,0.7,Sz,-0.1386718750018097,0.03350987746459889,2.5,3.9628056733104815,-0.2714650075304612,-0.005878742473158172,False
haxs.stage5c2gR32.batch-statistics.v1,limit_spin_density_zero_rect2x3,rect2x3_hole_2,509,1503534216,0.7318181818181817,Sx,2.3732259057635696,0.009429537817445991,2.5,3.9628056733104815,2.335858479803899,2.4105933317232404,False
haxs.stage5c2gR32.batch-statistics.v1,limit_spin_density_zero_rect2x3,rect2x3_hole_2,509,1503534216,0.7318181818181817,Sy,0.042355412566926265,0.039758387211493475,2.5,3.9628056733104815,-0.11519934983645497,0.1999101749703075,False
haxs.stage5c2gR32.batch-statistics.v1,limit_spin_density_zero_rect2x3,rect2x3_hole_2,509,1503534216,0.7318181818181817,Sz,-0.13867187500185377,0.03350987746459261,2.5,3.9628056733104815,-0.2714650075304804,-0.0058787424732271165,False
haxs.stage5c2gR32.batch-statistics.v1,limit_spin_density_zero_rect2x3,rect2x3_hole_2,509,1503534216,0.7636363636363636,Sx,2.3645251717072093,0.009761966328485876,2.5,3.9628056733104815,2.3258403961580196,2.403209947256399,False
haxs.stage5c2gR32.batch-statistics.v1,limit_spin_density_zero_rect2x3,rect2x3_hole_2,509,1503534216,0.7636363636363636,Sy,0.045234382847455894,0.040090864531996825,2.5,3.9628056733104815,-0.11363792256786309,0.2041066882627749,False
haxs.stage5c2gR32.batch-statistics.v1,limit_spin_density_zero_rect2x3,rect2x3_hole_2,509,1503534216,0.7636363636363636,Sz,-0.13867187500188236,0.03350987746458457,2.5,3.9628056733104815,-0.27146500753047714,-0.005878742473287568,False
haxs.stage5c2gR32.batch-statistics.v1,limit_spin_density_zero_rect2x3,rect2x3_hole_2,509,1503534216,0.7954545454545454,Sx,2.3557636574927927,0.010092952719803736,2.5,3.9628056733104815,2.3157672471943,2.3957600677912856,False
haxs.stage5c2gR32.batch-statistics.v1,limit_spin_density_zero_rect2x3,rect2x3_hole_2,509,1503534216,0.7954545454545454,Sy,0.048115457851797654,0.040425880805341284,2.5,3.9628056733104815,-0.11208445195218208,0.2083153676557774,False
haxs.stage5c2gR32.batch-statistics.v1,limit_spin_density_zero_rect2x3,rect2x3_hole_2,509,1503534216,0.7954545454545454,Sz,-0.1386718750018951,0.033509877464575274,2.5,3.9628056733104815,-0.27146500753045305,-0.00587874247333714,False
haxs.stage5c2gR32.batch-statistics.v1,limit_spin_density_zero_rect2x3,rect2x3_hole_2,509,1503534216,0.8272727272727272,Sx,2.3469564368843634,0.010423094276142757,2.5,3.9628056733104815,2.305651739753415,2.3882611340153117,False
haxs.stage5c2gR32.batch-statistics.v1,limit_spin_density_zero_rect2x3,rect2x3_hole_2,509,1503534216,0.8272727272727272,Sy,0.05099563423478867,0.04076278344589889,2.5,3.9628056733104815,-0.11053935526454603,0.21253062373412338,False
haxs.stage5c2gR32.batch-statistics.v1,limit_spin_density_zero_rect2x3,rect2x3_hole_2,509,1503534216,0.8272727272727272,Sz,-0.13867187500189287,0.033509877464565345,2.5,3.9628056733104815,-0.2714650075304115,-0.005878742473374277,False
haxs.stage5c2gR32.batch-statistics.v1,limit_spin_density_zero_rect2x3,rect2x3_hole_2,509,1503534216,0.859090909090909,Sx,2.33811580964952,0.010752951756758748,2.5,3.9628056733104815,2.2955039514230027,2.3807276678760374,False
haxs.stage5c2gR32.batch-statistics.v1,limit_spin_density_zero_rect2x3,rect2x3_hole_2,509,1503534216,0.859090909090909,Sy,0.053871644523859605,0.04110096333147425,2.5,3.9628056733104815,-0.10900348614463261,0.2167467751923518,False
haxs.stage5c2gR32.batch-statistics.v1,limit_spin_density_zero_rect2x3,rect2x3_hole_2,509,1503534216,0.859090909090909,Sz,-0.138671875001877,0.033509877464555304,2.5,3.9628056733104815,-0.27146500753035585,-0.005878742473398174,False
haxs.stage5c2gR32.batch-statistics.v1,limit_spin_density_zero_rect2x3,rect2x3_hole_2,509,1503534216,0.8909090909090909,Sx,2.3292512778916863,0.011083061641082314,2.5,3.9628056733104815,2.2853312583427554,2.373171297440617,False
haxs.stage5c2gR32.batch-statistics.v1,limit_spin_density_zero_rect2x3,rect2x3_hole_2,509,1503534216,0.8909090909090909,Sy,0.05674000161878428,0.04143985404230685,2.5,3.9628056733104815,-0.10747808708122758,0.22095809031879615,False
haxs.stage5c2gR32.batch-statistics.v1,limit_spin_density_zero_rect2x3,rect2x3_hole_2,509,1503534216,0.8909090909090909,Sz,-0.1386718750018496,0.03350987746454582,2.5,3.9628056733104815,-0.2714650075302908,-0.005878742473408388,False
haxs.stage5c2gR32.batch-statistics.v1,limit_spin_density_zero_rect2x3,rect2x3_hole_2,509,1503534216,0.9227272727272726,Sx,2.3203695760638183,0.011413947850234408,2.5,3.9628056733104815,2.2751383187680396,2.365600833359597,False
haxs.stage5c2gR32.batch-statistics.v1,limit_spin_density_zero_rect2x3,rect2x3_hole_2,509,1503534216,0.9227272727272726,Sy,0.05959705096638096,0.04177893077993661,2.5,3.9628056733104815,-0.10596473295319772,0.22515883488595964,False
haxs.stage5c2gR32.batch-statistics.v1,limit_spin_density_zero_rect2x3,rect2x3_hole_2,509,1503534216,0.9227272727272726,Sz,-0.13867187500181227,0.033509877464537215,2.5,3.9628056733104815,-0.2714650075302194,-0.005878742473405141,False
haxs.stage5c2gR32.batch-statistics.v1,limit_spin_density_zero_rect2x3,rect2x3_hole_2,509,1503534216,0.9545454545454545,Sx,2.3114747474918116,0.011746131005737185,2.5,3.9628056733104815,2.264927112902828,2.358022382080795,False
haxs.stage5c2gR32.batch-statistics.v1,limit_spin_density_zero_rect2x3,rect2x3_hole_2,509,1503534216,0.9545454545454545,Sy,0.062439029489418346,0.04211770882930306,2.5,3.9628056733104815,-0.10446526600618278,0.22934332498501947,False
haxs.stage5c2gR32.batch-statistics.v1,limit_spin_density_zero_rect2x3,rect2x3_hole_2,509,1503534216,0.9545454545454545,Sz,-0.13867187500176892,0.03350987746453005,2.5,3.9628056733104815,-0.27146500753014763,-0.005878742473390208,False
haxs.stage5c2gR32.batch-statistics.v1,limit_spin_density_zero_rect2x3,rect2x3_hole_2,509,1503534216,0.9863636363636362,Sx,2.3025682594306094,0.012080133780225091,2.5,3.9628056733104815,2.254697036751984,2.350439482109235,False
haxs.stage5c2gR32.batch-statistics.v1,limit_spin_density_zero_rect2x3,rect2x3_hole_2,509,1503534216,0.9863636363636362,Sy,0.06526212991413571,0.04245574145873209,2.5,3.9628056733104815,-0.10298172320313084,0.23350598303140227,False
haxs.stage5c2gR32.batch-statistics.v1,limit_spin_density_zero_rect2x3,rect2x3_hole_2,509,1503534216,0.9863636363636362,Sz,-0.13867187500172168,0.033509877464524544,2.5,3.9628056733104815,-0.27146500753007863,-0.005878742473364756,False
haxs.stage5c2gR32.batch-statistics.v1,limit_spin_density_zero_rect2x3,rect2x3_hole_2,509,1503534216,1.018181818181818,Sx,2.2936491487971034,0.012416481554028266,2.5,3.9628056733104815,2.2444450452522453,2.3428532523419614,False
haxs.stage5c2gR32.batch-statistics.v1,limit_spin_density_zero_rect2x3,rect2x3_hole_2,509,1503534216,1.018181818181818,Sy,0.06806256878533154,0.04279261723444123,2.5,3.9628056733104815,-0.10151625756711605,0.23764139513777913,False
haxs.stage5c2gR32.batch-statistics.v1,limit_spin_density_zero_rect2x3,rect2x3_hole_2,509,1503534216,1.018181818181818,Sz,-0.1386718750016744,0.033509877464521005,2.5,3.9628056733104815,-0.27146500753001734,-0.005878742473331505,False
haxs.stage5c2gR32.batch-statistics.v1,limit_spin_density_zero_rect2x3,rect2x3_hole_2,509,1503534216,1.0499999999999998,Sx,2.2847141916082556,0.012755698307298658,2.5,3.9628056733104815,2.2341658379890554,2.335262545227456,False
haxs.stage5c2gR32.batch-statistics.v1,limit_spin_density_zero_rect2x3,rect2x3_hole_2,509,1503534216,1.0499999999999998,Sy,0.07083665620137931,0.0431279568378702,2.5,3.9628056733104815,-0.10007105583402227,0.24174436823678092,False
haxs.stage5c2gR32.batch-statistics.v1,limit_spin_density_zero_rect2x3,rect2x3_hole_2,509,1503534216,1.0499999999999998,Sz,-0.13867187500163133,0.03350987746451948,2.5,3.9628056733104815,-0.27146500752996816,-0.005878742473294479,False
haxs.stage5c2gR32.batch-statistics.v1,limit_spin_density_zero_rect2x3,rect2x3_hole_2,509,1503534216,1.0818181818181818,Sx,2.2757580905388415,0.013098298337801987,2.5,3.9628056733104815,2.2238520795750865,2.3276641015025965,False
haxs.stage5c2gR32.batch-statistics.v1,limit_spin_density_zero_rect2x3,rect2x3_hole_2,509,1503534216,1.0818181818181818,Sy,0.0735808651491127,0.04346140958800213,2.5,3.9628056733104815,-0.09864825533629269,0.2458099856345181,False
haxs.stage5c2gR32.batch-statistics.v1,limit_spin_density_zero_rect2x3,rect2x3_hole_2,509,1503534216,1.0818181818181818,Sz,-0.13867187500159528,0.033509877464520006,2.5,3.9628056733104815,-0.2714650075299342,-0.005878742473256343,False
haxs.stage5c2gR32.batch-statistics.v1,limit_spin_density_zero_rect2x3,rect2x3_hole_2,509,1503534216,1.1136363636363635,Sx,2.266773676587166,0.013444774904490794,2.5,3.9628056733104815,2.2134946463192673,2.3200527068550647,False
haxs.stage5c2gR32.batch-statistics.v1,limit_spin_density_zero_rect2x3,rect2x3_hole_2,509,1503534216,1.1136363636363635,Sy,0.07629189826557219,0.04379264995947445,2.5,3.9628056733104815,-0.09724986344313317,0.24983365997427753,False
haxs.stage5c2gR32.batch-statistics.v1,limit_spin_density_zero_rect2x3,rect2x3_hole_2,509,1503534216,1.1136363636363635,Sz,-0.1386718750015697,0.03350987746452252,2.5,3.9628056733104815,-0.2714650075299186,-0.005878742473220788,False
haxs.stage5c2gR32.batch-statistics.v1,limit_spin_density_zero_rect2x3,rect2x3_hole_2,509,1503534216,1.1454545454545453,Sx,2.2577521222977635,0.01379558719422442,2.5,3.9628056733104815,2.2030828910978415,2.3124213534976854,False
haxs.stage5c2gR32.batch-statistics.v1,limit_spin_density_zero_rect2x3,rect2x3_hole_2,509,1503534216,1.1454545454545453,Sy,0.07896674989117848,0.044121374429624965,2.5,3.9628056733104815,-0.09587768301279535,0.2538111827951523,False
haxs.stage5c2gR32.batch-statistics.v1,limit_spin_density_zero_rect2x3,rect2x3_hole_2,509,1503534216,1.1454545454545453,Sz,-0.13867187500155745,0.0335098774645269,2.5,3.9628056733104815,-0.27146500752992375,-0.005878742473191173,False
haxs.stage5c2gR32.batch-statistics.v1,limit_spin_density_zero_rect2x3,rect2x3_hole_2,509,1503534216,1.1772727272727272,Sx,2.248683165094944,0.01415114707263245,2.5,3.9628056733104815,2.1926049191916652,2.304761410998223,False
haxs.stage5c2gR32.batch-statistics.v1,limit_spin_density_zero_rect2x3,rect2x3_hole_2,509,1503534216,1.1772727272727272,Sy,0.08160276139856096,0.04444729897333007,2.5,3.9628056733104815,-0.09453324713627859,0.2577387699334005,False
haxs.stage5c2gR32.batch-statistics.v1,limit_spin_density_zero_rect2x3,rect2x3_hole_2,509,1503534216,1.1772727272727272,Sz,-0.13867187500156053,0.03350987746453295,2.5,3.9628056733104815,-0.27146500752995073,-0.005878742473170301,False
haxs.stage5c2gR32.batch-statistics.v1,limit_spin_density_zero_rect2x3,rect2x3_hole_2,509,1503534216,1.209090909090909,Sx,2.239555339888588,0.014511806930583572,2.5,3.9628056733104815,2.182047869054085,2.2970628107230913,False
haxs.stage5c2gR32.batch-statistics.v1,limit_spin_density_zero_rect2x3,rect2x3_hole_2,509,1503534216,1.209090909090909,Sy,0.08419766797795786,0.044770157455660604,2.5,3.9628056733104815,-0.09321776598233752,0.26161310193825327,False
haxs.stage5c2gR32.batch-statistics.v1,limit_spin_density_zero_rect2x3,rect2x3_hole_2,509,1503534216,1.209090909090909,Sz,-0.1386718750015801,0.033509877464540413,2.5,3.9628056733104815,-0.2714650075299999,-0.005878742473160281,False
haxs.stage5c2gR32.batch-statistics.v1,limit_spin_density_zero_rect2x3,rect2x3_hole_2,509,1503534216,1.2409090909090907,Sx,2.2303562201903593,0.014877849628745695,2.5,3.9628056733104815,2.171398193274906,2.2893142471058128,False
haxs.stage5c2gR32.batch-statistics.v1,limit_spin_density_zero_rect2x3,rect2x3_hole_2,509,1503534216,1.2409090909090907,Sy,0.08674963533139471,0.04508970106226602,2.5,3.9628056733104815,-0.09193208784602672,0.26543135850881616,False
haxs.stage5c2gR32.batch-statistics.v1,limit_spin_density_zero_rect2x3,rect2x3_hole_2,509,1503534216,1.2409090909090907,Sz,-0.13867187500161665,0.03350987746454912,2.5,3.9628056733104815,-0.27146500753007097,-0.005878742473162335,False
haxs.stage5c2gR32.batch-statistics.v1,limit_spin_density_zero_rect2x3,rect2x3_hole_2,509,1503534216,1.2727272727272725,Sx,2.2210726665971245,0.01524948114760268,2.5,3.9628056733104815,2.1606419361903635,2.2815033970038856,False
haxs.stage5c2gR32.batch-statistics.v1,limit_spin_density_zero_rect2x3,rect2x3_hole_2,509,1503534216,1.2727272727272725,Sy,0.0892572850710648,0.045405698776826244,2.5,3.9628056733104815,-0.09067667564236902,0.2691912457844986,False
haxs.stage5c2gR32.batch-statistics.v1,limit_spin_density_zero_rect2x3,rect2x3_hole_2,509,1503534216,1.2727272727272725,Sz,-0.13867187500166978,0.03350987746455869,2.5,3.9628056733104815,-0.271465007530162,-0.005878742473177545,False
haxs.stage5c2gR32.batch-statistics.v1,limit_spin_density_zero_rect2x3,rect2x3_hole_2,509,1503534216,1.3045454545454545,Sx,2.211691080805514,0.01562682614609224,2.5,3.9628056733104815,2.149765005497943,2.273617156113085,False
haxs.stage5c2gR32.batch-statistics.v1,limit_spin_density_zero_rect2x3,rect2x3_hole_2,509,1503534216,1.3045454545454545,Sy,0.09171970802528565,0.04571793878732436,2.5,3.9628056733104815,-0.08945159917318463,0.2728910152237559,False
haxs.stage5c2gR32.batch-statistics.v1,limit_spin_density_zero_rect2x3,rect2x3_hole_2,509,1503534216,1.3045454545454545,Sz,-0.13867187500173725,0.03350987746456895,2.5,3.9628056733104815,-0.27146500753027014,-0.005878742473204357,False
haxs.stage5c2gR32.batch-statistics.v1,limit_spin_density_zero_rect2x3,rect2x3_hole_2,509,1503534216,1.3363636363636362,Sx,2.2021976625034014,0.016009926285216716,2.5,3.9628056733104815,2.1387534357910623,2.2656418892157406,False
haxs.stage5c2gR32.batch-statistics.v1,limit_spin_density_zero_rect2x3,rect2x3_hole_2,509,1503534216,1.3363636363636362,Sy,0.09413646511274146,0.04602623059924985,2.5,3.9628056733104815,-0.08825654262706234,0.27652947285254526,False
haxs.stage5c2gR32.batch-statistics.v1,limit_spin_density_zero_rect2x3,rect2x3_hole_2,509,1503534216,1.3363636363636362,Sz,-0.1386718750018182,0.03350987746457962,2.5,3.9628056733104815,-0.2714650075303934,-0.005878742473243048,False
haxs.stage5c2gR32.batch-statistics.v1,limit_spin_density_zero_rect2x3,rect2x3_hole_2,509,1503534216,1.368181818181818,Sx,2.1925786657269226,0.016398740929279756,2.5,3.9628056733104815,2.127593642137224,2.2575636893166213,False
haxs.stage5c2gR32.batch-statistics.v1,limit_spin_density_zero_rect2x3,rect2x3_hole_2,509,1503534216,1.368181818181818,Sy,0.09650757592757483,0.046330407568628,2.5,3.9628056733104815,-0.08709082603217108,0.2801059778873207,False
haxs.stage5c2gR32.batch-statistics.v1,limit_spin_density_zero_rect2x3,rect2x3_hole_2,509,1503534216,1.368181818181818,Sz,-0.13867187500190895,0.033509877464590374,2.5,3.9628056733104815,-0.2714650075305267,-0.005878742473291149,False
haxs.stage5c2gR32.batch-statistics.v1,limit_spin_density_zero_rect2x3,rect2x3_hole_2,509,1503534216,1.4,Sx,2.1828206507256045,0.016793149717198044,2.5,3.9628056733104815,2.11627266175354,2.249368639697669,False
haxs.stage5c2gR32.batch-statistics.v1,limit_spin_density_zero_rect2x3,rect2x3_hole_2,509,1503534216,1.4,Sy,0.09883349565145559,0.046630329546700655,2.5,3.9628056733104815,-0.08595343882454713,0.2836204301274583,False
haxs.stage5c2gR32.batch-statistics.v1,limit_spin_density_zero_rect2x3,rect2x3_hole_2,509,1503534216,1.4,Sz,-0.13867187500200634,0.0335098774646011,2.5,3.9628056733104815,-0.2714650075306666,-0.005878742473346049,False
haxs.stage5c2gR32.batch-statistics.v1,limit_spin_density_zero_rect2x3,rect2x3_hole_2,510,778566334,0.0,Sx,2.5,0.0,2.5,3.9628056733104815,2.5,2.5,False
haxs.stage5c2gR32.batch-statistics.v1,limit_spin_density_zero_rect2x3,rect2x3_hole_2,510,778566334,0.0,Sy,0.001953125,0.035308815110937274,2.5,3.9628056733104815,-0.1379688478394931,0.1418750978394931,False
haxs.stage5c2gR32.batch-statistics.v1,limit_spin_density_zero_rect2x3,rect2x3_hole_2,510,778566334,0.0,Sz,0.0615234375,0.03512079235103891,2.5,3.9628056733104815,-0.07765343767985636,0.20070031267985636,False
haxs.stage5c2gR32.batch-statistics.v1,limit_spin_density_zero_rect2x3,rect2x3_hole_2,510,778566334,0.031818181818181815,Sx,2.498634838942613,0.0005082861542562345,2.5,3.9628056733104815,2.4966205996868616,2.500649078198365,False
haxs.stage5c2gR32.batch-statistics.v1,limit_spin_density_zero_rect2x3,rect2x3_hole_2,510,778566334,0.031818181818181815,Sy,0.0011201819367691246,0.035386142768919965,2.5,3.9628056733104815,-0.1391082253844816,0.14134858925801985,False
haxs.stage5c2gR32.batch-statistics.v1,limit_spin_density_zero_rect2x3,rect2x3_hole_2,510,778566334,0.031818181818181815,Sz,0.06152343749992154,0.035120792351047044,2.5,3.9628056733104815,-0.07765343767996705,0.20070031267981012,False
haxs.stage5c2gR32.batch-statistics.v1,limit_spin_density_zero_rect2x3,rect2x3_hole_2,510,778566334,0.06363636363636363,Sx,2.4967418397249372,0.0010150766851152826,2.5,3.9628056733104815,2.4927192880783173,2.500764391371557,False
haxs.stage5c2gR32.batch-statistics.v1,limit_spin_density_zero_rect2x3,rect2x3_hole_2,510,778566334,0.06363636363636363,Sy,0.00029693481967461226,0.035483369295395015,2.5,3.9628056733104815,-0.1403167623322877,0.14091063197163692,False
haxs.stage5c2gR32.batch-statistics.v1,limit_spin_density_zero_rect2x3,rect2x3_hole_2,510,778566334,0.06363636363636363,Sz,0.06152343749982936,0.03512079235106003,2.5,3.9628056733104815,-0.07765343768011071,0.20070031267976943,False
haxs.stage5c2gR32.batch-statistics.v1,limit_spin_density_zero_rect2x3,rect2x3_hole_2,510,778566334,0.09545454545454544,Sx,2.49432410755087,0.0015189169851115966,2.5,3.9628056733104815,2.488304934704982,2.5003432803967582,False
haxs.stage5c2gR32.batch-statistics.v1,limit_spin_density_zero_rect2x3,rect2x3_hole_2,510,778566334,0.09545454545454544,Sy,-0.0005179310558526648,0.03560013657460951,2.5,3.9628056733104815,-0.1415943542443432,0.14055849213263788,False
haxs.stage5c2gR32.batch-statistics.v1,limit_spin_density_zero_rect2x3,rect2x3_hole_2,510,778566334,0.09545454545454544,Sz,0.06152343749972803,0.03512079235107752,2.5,3.9628056733104815,-0.07765343768028132,0.20070031267973737,False
haxs.stage5c2gR32.batch-statistics.v1,limit_spin_density_zero_rect2x3,rect2x3_hole_2,510,778566334,0.12727272727272726,Sx,2.491386892461749,0.0020184243715337916,2.5,3.9628056733104815,2.4833882689110864,2.499385516012411,False
haxs.stage5c2gR32.batch-statistics.v1,limit_spin_density_zero_rect2x3,rect2x3_hole_2,510,778566334,0.12727272727272726,Sy,-0.0013259412040578817,0.03573599087047912,2.5,3.9628056733104815,-0.1429407285669641,0.14028884615884835,False
haxs.stage5c2gR32.batch-statistics.v1,limit_spin_density_zero_rect2x3,rect2x3_hole_2,510,778566334,0.12727272727272726,Sz,0.06152343749962252,0.03512079235109915,2.5,3.9628056733104815,-0.07765343768047253,0.20070031267971758,False
haxs.stage5c2gR32.batch-statistics.v1,limit_spin_density_zero_rect2x3,rect2x3_hole_2,510,778566334,0.15909090909090906,Sx,2.487937599138036,0.002512317157126941,2.5,3.9628056733104815,2.4779817744546184,2.497893423821454,False
haxs.stage5c2gR32.batch-statistics.v1,limit_spin_density_zero_rect2x3,rect2x3_hole_2,510,778566334,0.15909090909090906,Sy,-0.0021288413141832946,0.035890386727817546,2.5,3.9628056733104815,-0.14435546945648586,0.1400977868281193,False
haxs.stage5c2gR32.batch-statistics.v1,limit_spin_density_zero_rect2x3,rect2x3_hole_2,510,778566334,0.15909090909090906,Sz,0.061523437499517275,0.035120792351124336,2.5,3.9628056733104815,-0.07765343768067762,0.20070031267971217,False
haxs.stage5c2gR32.batch-statistics.v1,limit_spin_density_zero_rect2x3,rect2x3_hole_2,510,778566334,0.1909090909090909,Sx,2.483985794887099,0.002999442407693523,2.5,3.9628056733104815,2.472099587497123,2.495872002277075,False
haxs.stage5c2gR32.batch-statistics.v1,limit_spin_density_zero_rect2x3,rect2x3_hole_2,510,778566334,0.1909090909090909,Sy,-0.0029286008775149083,0.036062692032849286,2.5,3.9628056733104815,-0.14583804146013876,0.13998083970510897,False
haxs.stage5c2gR32.batch-statistics.v1,limit_spin_density_zero_rect2x3,rect2x3_hole_2,510,778566334,0.1909090909090909,Sz,0.061523437499416536,0.03512079235115239,2.5,3.9628056733104815,-0.07765343768088952,0.2007003126797226,False
haxs.stage5c2gR32.batch-statistics.v1,limit_spin_density_zero_rect2x3,rect2x3_hole_2,510,778566334,0.22272727272727272,Sx,2.479543211589249,0.0034788014561319704,2.5,3.9628056733104815,2.465757397442568,2.4933290257359295,False
haxs.stage5c2gR32.batch-statistics.v1,limit_spin_density_zero_rect2x3,rect2x3_hole_2,510,778566334,0.22272727272727272,Sy,-0.003727409385974026,0.0362521943899551,2.5,3.9628056733104815,-0.14738781098444248,0.13993299221249444,False
haxs.stage5c2gR32.batch-statistics.v1,limit_spin_density_zero_rect2x3,rect2x3_hole_2,510,778566334,0.22272727272727272,Sz,0.061523437499323534,0.03512079235118262,2.5,3.9628056733104815,-0.07765343768110233,0.20070031267974942,False
haxs.stage5c2gR32.batch-statistics.v1,limit_spin_density_zero_rect2x3,rect2x3_hole_2,510,778566334,0.2545454545454545,Sx,2.47462373623365,0.0039495720942884956,2.5,3.9628056733104815,2.4589723495312548,2.490275122936045,False
haxs.stage5c2gR32.batch-statistics.v1,limit_spin_density_zero_rect2x3,rect2x3_hole_2,510,778566334,0.2545454545454545,Sy,-0.004527663573304407,0.036458108950531906,2.5,3.9628056733104815,-0.1490040645606439,0.13994873741403507,False
haxs.stage5c2gR32.batch-statistics.v1,limit_spin_density_zero_rect2x3,rect2x3_hole_2,510,778566334,0.2545454545454545,Sz,0.06152343749924075,0.035120792351214236,2.5,3.9628056733104815,-0.07765343768131039,0.20070031267979188,False
haxs.stage5c2gR32.batch-statistics.v1,limit_spin_density_zero_rect2x3,rect2x3_hole_2,510,778566334,0.2863636363636363,Sx,2.4692433838081187,0.004411126301334211,2.5,3.9628056733104815,2.4517629474755025,2.486723820140735,False
haxs.stage5c2gR32.batch-statistics.v1,limit_spin_density_zero_rect2x3,rect2x3_hole_2,510,778566334,0.2863636363636363,Sy,-0.005331944502878628,0.03667958777232379,2.5,3.9628056733104815,-0.15068602302173312,0.14002213401597585,False
haxs.stage5c2gR32.batch-statistics.v1,limit_spin_density_zero_rect2x3,rect2x3_hole_2,510,778566334,0.2863636363636363,Sz,0.06152343749916942,0.035120792351246384,2.5,3.9628056733104815,-0.07765343768150912,0.20070031267984795,False
haxs.stage5c2gR32.batch-statistics.v1,limit_spin_density_zero_rect2x3,rect2x3_hole_2,510,778566334,0.3181818181818181,Sx,2.4634202458378005,0.004863042421991759,2.5,3.9628056733104815,2.444148953738382,2.482691537937219,False
haxs.stage5c2gR32.batch-statistics.v1,limit_spin_density_zero_rect2x3,rect2x3_hole_2,510,778566334,0.3181818181818181,Sy,-0.006142983806067374,0.036915730694437494,2.5,3.9628056733104815,-0.15243285083638616,0.14014688322425142,False
haxs.stage5c2gR32.batch-statistics.v1,limit_spin_density_zero_rect2x3,rect2x3_hole_2,510,778566334,0.3181818181818181,Sz,0.06152343749910977,0.03512079235127833,2.5,3.9628056733104815,-0.07765343768169536,0.2007003126799149,False
haxs.stage5c2gR32.batch-statistics.v1,limit_spin_density_zero_rect2x3,rect2x3_hole_2,510,778566334,0.35,Sx,2.4571744079067273,0.005305110893737004,2.5,3.9628056733104815,2.436151284359485,2.4781975314539695,False
haxs.stage5c2gR32.batch-statistics.v1,limit_spin_density_zero_rect2x3,rect2x3_hole_2,510,778566334,0.35,Sy,-0.006963619023955017,0.03716559759021465,2.5,3.9628056733104815,-0.15424366000643197,0.14031642195852195,False
haxs.stage5c2gR32.batch-statistics.v1,limit_spin_density_zero_rect2x3,rect2x3_hole_2,510,778566334,0.35,Sz,0.06152343749906124,0.03512079235130937,2.5,3.9628056733104815,-0.0776534376818669,0.2007003126799894,False
haxs.stage5c2gR32.batch-statistics.v1,limit_spin_density_zero_rect2x3,rect2x3_hole_2,510,778566334,0.3818181818181818,Sx,2.4505278301154165,0.00573733293172824,2.5,3.9628056733104815,2.4277918946238928,2.4732637656069403,False
haxs.stage5c2gR32.batch-statistics.v1,limit_spin_density_zero_rect2x3,rect2x3_hole_2,510,778566334,0.3818181818181818,Sy,-0.007796738768839376,0.037428221718186064,2.5,3.9628056733104815,-0.1561175081355897,0.14052403059791094,False
haxs.stage5c2gR32.batch-statistics.v1,limit_spin_density_zero_rect2x3,rect2x3_hole_2,510,778566334,0.3818181818181818,Sz,0.06152343749902207,0.03512079235133879,2.5,3.9628056733104815,-0.07765343768202265,0.20070031268006677,False
haxs.stage5c2gR32.batch-statistics.v1,limit_spin_density_zero_rect2x3,rect2x3_hole_2,510,778566334,0.4136363636363636,Sx,2.4435041856458937,0.0061599119862840125,2.5,3.9628056733104815,2.419093651479554,2.4679147198122333,False
haxs.stage5c2gR32.batch-statistics.v1,limit_spin_density_zero_rect2x3,rect2x3_hole_2,510,778566334,0.4136363636363636,Sy,-0.008645219248077131,0.03770262374647169,2.5,3.9628056733104815,-0.1580533905292856,0.14076295203313136,False
haxs.stage5c2gR32.batch-statistics.v1,limit_spin_density_zero_rect2x3,rect2x3_hole_2,510,778566334,0.4136363636363636,Sz,0.06152343749899033,0.03512079235136603,2.5,3.9628056733104815,-0.07765343768216235,0.20070031268014302,False
haxs.stage5c2gR32.batch-statistics.v1,limit_spin_density_zero_rect2x3,rect2x3_hole_2,510,778566334,0.44545454545454544,Sx,2.436128654382324,0.006573238248312481,2.5,3.9628056733104815,2.4100801885598897,2.462177120204758,False
haxs.stage5c2gR32.batch-statistics.v1,limit_spin_density_zero_rect2x3,rect2x3_hole_2,510,778566334,0.44545454545454544,Sy,-0.009511854510997354,0.037987825897879184,2.5,3.9628056733104815,-0.1600502264958438,0.14102651747384912,False
haxs.stage5c2gR32.batch-statistics.v1,limit_spin_density_zero_rect2x3,rect2x3_hole_2,510,778566334,0.44545454545454544,Sz,0.06152343749896318,0.03512079235139057,2.5,3.9628056733104815,-0.07765343768228673,0.2007003126802131,False
haxs.stage5c2gR32.batch-statistics.v1,limit_spin_density_zero_rect2x3,rect2x3_hole_2,510,778566334,0.47727272727272724,Sx,2.4284276707719816,0.0069778669446837775,2.5,3.9628056733104815,2.400775740055983,2.45607960148798,False
haxs.stage5c2gR32.batch-statistics.v1,limit_spin_density_zero_rect2x3,rect2x3_hole_2,510,778566334,0.47727272727272724,Sy,-0.010399283505266994,0.03828286557258513,2.5,3.9628056733104815,-0.16210684038688988,0.14130827337635588,False
haxs.stage5c2gR32.batch-statistics.v1,limit_spin_density_zero_rect2x3,rect2x3_hole_2,510,778566334,0.47727272727272724,Sz,0.06152343749893825,0.035120792351412085,2.5,3.9628056733104815,-0.07765343768239692,0.20070031268027344,False
haxs.stage5c2gR32.batch-statistics.v1,limit_spin_density_zero_rect2x3,rect2x3_hole_2,510,778566334,0.509090909090909,Sx,2.4204286276619253,0.007374491591055179,2.5,3.9628056733104815,2.3912049505471114,2.4496523047767393,False
haxs.stage5c2gR32.batch-statistics.v1,limit_spin_density_zero_rect2x3,rect2x3_hole_2,510,778566334,0.509090909090909,Sy,-0.011309917572101744,0.03858680777160278,2.5,3.9628056733104815,-0.16422193832435023,0.14160210318014677,False
haxs.stage5c2gR32.batch-statistics.v1,limit_spin_density_zero_rect2x3,rect2x3_hole_2,510,778566334,0.509090909090909,Sz,0.061523437498912335,0.035120792351430286,2.5,3.9628056733104815,-0.07765343768249497,0.20070031268031965,False
haxs.stage5c2gR32.batch-statistics.v1,limit_spin_density_zero_rect2x3,rect2x3_hole_2,510,778566334,0.5409090909090909,Sx,2.4121595405310585,0.007763913714310228,2.5,3.9628056733104815,2.381392659216897,2.44292642184522,False
haxs.stage5c2gR32.batch-statistics.v1,limit_spin_density_zero_rect2x3,rect2x3_hole_2,510,778566334,0.5409090909090909,Sy,-0.012245872286898024,0.038898755680354564,2.5,3.9628056733104815,-0.16639408198172542,0.14190233740792937,False
haxs.stage5c2gR32.batch-statistics.v1,limit_spin_density_zero_rect2x3,rect2x3_hole_2,510,778566334,0.5409090909090909,Sz,0.0615234374988829,0.03512079235144502,2.5,3.9628056733104815,-0.07765343768258279,0.20070031268034857,False
haxs.stage5c2gR32.batch-statistics.v1,limit_spin_density_zero_rect2x3,rect2x3_hole_2,510,778566334,0.5727272727272726,Sx,2.403648679157004,0.008147010790702796,2.5,3.9628056733104815,2.3713636585750852,2.4359336997389227,False
haxs.stage5c2gR32.batch-statistics.v1,limit_spin_density_zero_rect2x3,rect2x3_hole_2,510,778566334,0.5727272727272726,Sy,-0.013208907501625733,0.039217858881325715,2.5,3.9628056733104815,-0.16862166117163313,0.14220384616838166,False
haxs.stage5c2gR32.batch-statistics.v1,limit_spin_density_zero_rect2x3,rect2x3_hole_2,510,778566334,0.5727272727272726,Sz,0.061523437498847575,0.035120792351456265,2.5,3.9628056733104815,-0.07765343768266268,0.20070031268035782,False
haxs.stage5c2gR32.batch-statistics.v1,limit_spin_density_zero_rect2x3,rect2x3_hole_2,510,778566334,0.6045454545454545,Sx,2.3949241761091056,0.008524704249041079,2.5,3.9628056733104815,2.3611424297477117,2.4287059224704994,False
haxs.stage5c2gR32.batch-statistics.v1,limit_spin_density_zero_rect2x3,rect2x3_hole_2,510,778566334,0.6045454545454545,Sy,-0.014200379041374805,0.03954331884016478,2.5,3.9628056733104815,-0.17090286728270504,0.14250210919995543,False
haxs.stage5c2gR32.batch-statistics.v1,limit_spin_density_zero_rect2x3,rect2x3_hole_2,510,778566334,0.6045454545454545,Sz,0.061523437498804005,0.03512079235146407,2.5,3.9628056733104815,-0.07765343768273716,0.2007003126803452,False
haxs.stage5c2gR32.batch-statistics.v1,limit_spin_density_zero_rect2x3,rect2x3_hole_2,510,778566334,0.6363636363636362,Sx,2.3860136233483855,0.008897929349656537,2.5,3.9628056733104815,2.350752858440851,2.4212743882559202,False
haxs.stage5c2gR32.batch-statistics.v1,limit_spin_density_zero_rect2x3,rect2x3_hole_2,510,778566334,0.6363636363636362,Sy,-0.015221204767992604,0.03987439153122344,2.5,3.9628056733104815,-0.17323566974772828,0.14279326021174307,False
haxs.stage5c2gR32.batch-statistics.v1,limit_spin_density_zero_rect2x3,rect2x3_hole_2,510,778566334,0.6363636363636362,Sz,0.0615234374987507,0.03512079235146866,2.5,3.9628056733104815,-0.07765343768280866,0.20070031268031005,False
haxs.stage5c2gR32.batch-statistics.v1,limit_spin_density_zero_rect2x3,rect2x3_hole_2,510,778566334,0.6681818181818181,Sx,2.376943669472273,0.009267608566916745,2.5,3.9628056733104815,2.3402179376652743,2.4136694012792717,False
haxs.stage5c2gR32.batch-statistics.v1,limit_spin_density_zero_rect2x3,rect2x3_hole_2,510,778566334,0.6681818181818181,Sy,-0.016271846713439394,0.040210387307677994,2.5,3.9628056733104815,-0.17561779766231753,0.14307410423543873,False
haxs.stage5c2gR32.batch-statistics.v1,limit_spin_density_zero_rect2x3,rect2x3_hole_2,510,778566334,0.6681818181818181,Sz,0.061523437498686266,0.03512079235147034,2.5,3.9628056733104815,-0.07765343768287974,0.2007003126802523,False
haxs.stage5c2gR32.batch-statistics.v1,limit_spin_density_zero_rect2x3,rect2x3_hole_2,510,778566334,0.7,Sx,2.3677396306357883,0.009634629783269755,2.5,3.9628056733104815,2.3295594650704006,2.405919796201176,False
haxs.stage5c2gR32.batch-statistics.v1,limit_spin_density_zero_rect2x3,rect2x3_hole_2,510,778566334,0.7,Sy,-0.017352309808847267,0.04055066834490387,2.5,3.9628056733104815,-0.17804672838256408,0.14334210876486952,False
haxs.stage5c2gR32.batch-statistics.v1,limit_spin_density_zero_rect2x3,rect2x3_hole_2,510,778566334,0.7,Sz,0.061523437498609924,0.03512079235146948,2.5,3.9628056733104815,-0.07765343768295271,0.20070031268017255,False
haxs.stage5c2gR32.batch-statistics.v1,limit_spin_density_zero_rect2x3,rect2x3_hole_2,510,778566334,0.7318181818181817,Sx,2.358425127840148,0.009999830166907633,2.5,3.9628056733104815,2.318797744122585,2.3980525115577107,False
haxs.stage5c2gR32.batch-statistics.v1,limit_spin_density_zero_rect2x3,rect2x3_hole_2,510,778566334,0.7318181818181817,Sy,-0.018462156522333475,0.04089464416230502,2.5,3.9628056733104815,-0.18051968441672916,0.14359537137206219,False
haxs.stage5c2gR32.batch-statistics.v1,limit_spin_density_zero_rect2x3,rect2x3_hole_2,510,778566334,0.7318181818181817,Sz,0.061523437498521356,0.0351207923514665,2.5,3.9628056733104815,-0.07765343768302946,0.20070031268007216,False
haxs.stage5c2gR32.batch-statistics.v1,limit_spin_density_zero_rect2x3,rect2x3_hole_2,510,778566334,0.7636363636363636,Sx,2.3490217621066405,0.010363986089063333,2.5,3.9628056733104815,2.3079512992347895,2.3900922249784915,False
haxs.stage5c2gR32.batch-statistics.v1,limit_spin_density_zero_rect2x3,rect2x3_hole_2,510,778566334,0.7636363636363636,Sy,-0.019600535605736217,0.04124176583490824,2.5,3.9628056733104815,-0.18303363923365298,0.14383256802218056,False
haxs.stage5c2gR32.batch-statistics.v1,limit_spin_density_zero_rect2x3,rect2x3_hole_2,510,778566334,0.7636363636363636,Sz,0.061523437498420944,0.03512079235146207,2.5,3.9628056733104815,-0.07765343768311232,0.2007003126799542,False
haxs.stage5c2gR32.batch-statistics.v1,limit_spin_density_zero_rect2x3,rect2x3_hole_2,510,778566334,0.7954545454545454,Sx,2.3395488371355904,0.010727808891419447,2.5,3.9628056733104815,2.2970366151984827,2.382061059072698,False
haxs.stage5c2gR32.batch-statistics.v1,limit_spin_density_zero_rect2x3,rect2x3_hole_2,510,778566334,0.7954545454545454,Sy,-0.020766222259992542,0.04159151953088262,2.5,3.9628056733104815,-0.1855853318185779,0.14405288729859284,False
haxs.stage5c2gR32.batch-statistics.v1,limit_spin_density_zero_rect2x3,rect2x3_hole_2,510,778566334,0.7954545454545454,Sz,0.06152343749830938,0.03512079235145661,2.5,3.9628056733104815,-0.07765343768320224,0.200700312679821,False
haxs.stage5c2gR32.batch-statistics.v1,limit_spin_density_zero_rect2x3,rect2x3_hole_2,510,778566334,0.8272727272727272,Sx,2.330023136556243,0.011091945799739626,2.5,3.9628056733104815,2.2860679108129824,2.3739783622995034,False
haxs.stage5c2gR32.batch-statistics.v1,limit_spin_density_zero_rect2x3,rect2x3_hole_2,510,778566334,0.8272727272727272,Sy,-0.021957666452047185,0.04194341995834515,2.5,3.9628056733104815,-0.18817128902102143,0.14425595611692704,False
haxs.stage5c2gR32.batch-statistics.v1,limit_spin_density_zero_rect2x3,rect2x3_hole_2,510,778566334,0.8272727272727272,Sz,0.06152343749818753,0.035120792351450804,2.5,3.9628056733104815,-0.07765343768330107,0.20070031267967614,False
haxs.stage5c2gR32.batch-statistics.v1,limit_spin_density_zero_rect2x3,rect2x3_hole_2,510,778566334,0.859090909090909,Sx,2.3204587600400917,0.011456984858353102,2.5,3.9628056733104815,2.2750569554443776,2.3658605646358057,False
haxs.stage5c2gR32.batch-statistics.v1,limit_spin_density_zero_rect2x3,rect2x3_hole_2,510,778566334,0.859090909090909,Sy,-0.0231730459016466,0.0422970041911273,2.5,3.9628056733104815,-0.1907878540742831,0.1444417622709899,False
haxs.stage5c2gR32.batch-statistics.v1,limit_spin_density_zero_rect2x3,rect2x3_hole_2,510,778566334,0.859090909090909,Sz,0.06152343749805746,0.035120792351445176,2.5,3.9628056733104815,-0.07765343768340886,0.20070031267952376,False
haxs.stage5c2gR32.batch-statistics.v1,limit_spin_density_zero_rect2x3,rect2x3_hole_2,510,778566334,0.8909090909090909,Sx,2.3108670196514267,0.011823462483336468,2.5,3.9628056733104815,2.2640129354442875,2.357721103858566,False
haxs.stage5c2gR32.batch-statistics.v1,limit_spin_density_zero_rect2x3,rect2x3_hole_2,510,778566334,0.8909090909090909,Sy,-0.0244103204062028,0.042651826194352274,2.5,3.9628056733104815,-0.1934312192262346,0.144610578413829,False
haxs.stage5c2gR32.batch-statistics.v1,limit_spin_density_zero_rect2x3,rect2x3_hole_2,510,778566334,0.8909090909090909,Sz,0.06152343749792096,0.03512079235144026,2.5,3.9628056733104815,-0.07765343768352584,0.20070031267936778,False
haxs.stage5c2gR32.batch-statistics.v1,limit_spin_density_zero_rect2x3,rect2x3_hole_2,510,778566334,0.9227272727272726,Sx,2.301256395118836,0.012191872131825161,2.5,3.9628056733104815,2.252942375066563,2.3495704151711085,False
haxs.stage5c2gR32.batch-statistics.v1,limit_spin_density_zero_rect2x3,rect2x3_hole_2,510,778566334,0.9227272727272726,Sy,-0.025667284644288645,0.0430074522156422,2.5,3.9628056733104815,-0.196097460279065,0.14476289099048772,False
haxs.stage5c2gR32.batch-statistics.v1,limit_spin_density_zero_rect2x3,rect2x3_hole_2,510,778566334,0.9227272727272726,Sz,0.06152343749778061,0.03512079235143661,2.5,3.9628056733104815,-0.07765343768365174,0.20070031267921296,False
haxs.stage5c2gR32.batch-statistics.v1,limit_spin_density_zero_rect2x3,rect2x3_hole_2,510,778566334,0.9545454545454545,Sx,2.291632544464854,0.01256267266581252,2.5,3.9628056733104815,2.2418491139528296,2.3414159749768784,False
haxs.stage5c2gR32.batch-statistics.v1,limit_spin_density_zero_rect2x3,rect2x3_hole_2,510,778566334,0.9545454545454545,Sy,-0.026941617315550465,0.04336345707266323,2.5,3.9628056733104815,-0.19878257101745586,0.1448993363863549,False
haxs.stage5c2gR32.batch-statistics.v1,limit_spin_density_zero_rect2x3,rect2x3_hole_2,510,778566334,0.9545454545454545,Sz,0.061523437497639416,0.035120792351434484,2.5,3.9628056733104815,-0.07765343768378452,0.20070031267906335,False
haxs.stage5c2gR32.batch-statistics.v1,limit_spin_density_zero_rect2x3,rect2x3_hole_2,510,778566334,0.9863636363636362,Sx,2.2819983647894815,0.012936295228201417,2.5,3.9628056733104815,2.2307343406675457,2.3332623889114172,False
haxs.stage5c2gR32.batch-statistics.v1,limit_spin_density_zero_rect2x3,rect2x3_hole_2,510,778566334,0.9863636363636362,Sy,-0.028230925334590727,0.04371942127099497,2.5,3.9628056733104815,-0.20148249598114054,0.14502064531195907,False
haxs.stage5c2gR32.batch-statistics.v1,limit_spin_density_zero_rect2x3,rect2x3_hole_2,510,778566334,0.9863636363636362,Sz,0.06152343749750009,0.03512079235143437,2.5,3.9628056733104815,-0.07765343768392341,0.20070031267892358,False
haxs.stage5c2gR32.batch-statistics.v1,limit_spin_density_zero_rect2x3,rect2x3_hole_2,510,778566334,1.018181818181818,Sx,2.272354097038283,0.013313147800832845,2.5,3.9628056733104815,2.219596679403522,2.3251115146730443,False
haxs.stage5c2gR32.batch-statistics.v1,limit_spin_density_zero_rect2x3,rect2x3_hole_2,510,778566334,1.018181818181818,Sy,-0.029532782684530676,0.04407492883627877,2.5,3.9628056733104815,-0.2041931607276919,0.14512759535863057,False
haxs.stage5c2gR32.batch-statistics.v1,limit_spin_density_zero_rect2x3,rect2x3_hole_2,510,778566334,1.018181818181818,Sz,0.06152343749736629,0.0351207923514363,2.5,3.9628056733104815,-0.07765343768406487,0.20070031267879745,False
haxs.stage5c2gR32.batch-statistics.v1,limit_spin_density_zero_rect2x3,rect2x3_hole_2,510,778566334,1.0499999999999998,Sx,2.262697468270748,0.013693617019108359,2.5,3.9628056733104815,2.2084323250592846,2.3169626114822117,False
haxs.stage5c2gR32.batch-statistics.v1,limit_spin_density_zero_rect2x3,rect2x3_hole_2,510,778566334,1.0499999999999998,Sy,-0.03084476433939665,0.044429565739228,2.5,3.9628056733104815,-0.20691049951353038,0.1452209708347371,False
haxs.stage5c2gR32.batch-statistics.v1,limit_spin_density_zero_rect2x3,rect2x3_hole_2,510,778566334,1.0499999999999998,Sz,0.06152343749724116,0.03512079235144052,2.5,3.9628056733104815,-0.07765343768420671,0.200700312678689,False
haxs.stage5c2gR32.batch-statistics.v1,limit_spin_density_zero_rect2x3,rect2x3_hole_2,510,778566334,1.0818181818181818,Sx,2.253023865175958,0.014078067214072726,2.5,3.9628056733104815,2.1972352205507844,2.308812509801132,False
haxs.stage5c2gR32.batch-statistics.v1,limit_spin_density_zero_rect2x3,rect2x3_hole_2,510,778566334,1.0818181818181818,Sy,-0.03216447628321407,0.04478291882119579,2.5,3.9628056733104815,-0.20963048105525148,0.14530152848882336,False
haxs.stage5c2gR32.batch-statistics.v1,limit_spin_density_zero_rect2x3,rect2x3_hole_2,510,778566334,1.0818181818181818,Sz,0.06152343749712805,0.035120792351446876,2.5,3.9628056733104815,-0.07765343768434499,0.20070031267860108,False
haxs.stage5c2gR32.batch-statistics.v1,limit_spin_density_zero_rect2x3,rect2x3_hole_2,510,778566334,1.1136363636363635,Sx,2.2433265331987853,0.014466836988173302,2.5,3.9628056733104815,2.1859972695071943,2.3006557968903762,False
haxs.stage5c2gR32.batch-statistics.v1,limit_spin_density_zero_rect2x3,rect2x3_hole_2,510,778566334,1.1136363636363635,Sy,-0.03348958301152265,0.04513457517665289,2.5,3.9628056733104815,-0.21234913358402113,0.14536996756097587,False
haxs.stage5c2gR32.batch-statistics.v1,limit_spin_density_zero_rect2x3,rect2x3_hole_2,510,778566334,1.1136363636363635,Sz,0.06152343749703018,0.03512079235145534,2.5,3.9628056733104815,-0.07765343768447641,0.20070031267853677,False
haxs.stage5c2gR32.batch-statistics.v1,limit_spin_density_zero_rect2x3,rect2x3_hole_2,510,778566334,1.1454545454545453,Sx,2.233596796460313,0.014860233870736438,2.5,3.9628056733104815,2.1747085773706383,2.292485015549988,False
haxs.stage5c2gR32.batch-statistics.v1,limit_spin_density_zero_rect2x3,rect2x3_hole_2,510,778566334,1.1454545454545453,Sy,-0.03481783395394817,0.04548412200127492,2.5,3.9628056733104815,-0.2150625706661465,0.14542690275825018,False
haxs.stage5c2gR32.batch-statistics.v1,limit_spin_density_zero_rect2x3,rect2x3_hole_2,510,778566334,1.1454545454545453,Sz,0.06152343749695038,0.035120792351465556,2.5,3.9628056733104815,-0.07765343768459668,0.20070031267849744,False
haxs.stage5c2gR32.batch-statistics.v1,limit_spin_density_zero_rect2x3,rect2x3_hole_2,510,778566334,1.1772727272727272,Sx,2.223824294508399,0.015258527730209291,2.5,3.9628056733104815,2.1633577142527605,2.2842908747640376,False
haxs.stage5c2gR32.batch-statistics.v1,limit_spin_density_zero_rect2x3,rect2x3_hole_2,510,778566334,1.1772727272727272,Sy,-0.0361470899981672,0.04583114695678374,2.5,3.9628056733104815,-0.21776701917283622,0.1454728391765018,False
haxs.stage5c2gR32.batch-statistics.v1,limit_spin_density_zero_rect2x3,rect2x3_hole_2,510,778566334,1.1772727272727272,Sz,0.061523437496891514,0.035120792351477324,2.5,3.9628056733104815,-0.0776534376847022,0.20070031267848523,False
haxs.stage5c2gR32.batch-statistics.v1,limit_spin_density_zero_rect2x3,rect2x3_hole_2,510,778566334,1.209090909090909,Sx,2.2139972326804913,0.015661943649169844,2.5,3.9628056733104815,2.151931993532492,2.2760624718284905,False
haxs.stage5c2gR32.batch-statistics.v1,limit_spin_density_zero_rect2x3,rect2x3_hole_2,510,778566334,1.209090909090909,Sy,-0.03747535075930828,0.046175239126980246,2.5,3.9628056733104815,-0.22045885033817372,0.14550814881955718,False
haxs.stage5c2gR32.batch-statistics.v1,limit_spin_density_zero_rect2x3,rect2x3_hole_2,510,778566334,1.209090909090909,Sz,0.06152343749685563,0.035120792351490265,2.5,3.9628056733104815,-0.07765343768478936,0.2007003126785006,False
haxs.stage5c2gR32.batch-statistics.v1,limit_spin_density_zero_rect2x3,rect2x3_hole_2,510,778566334,1.2409090909090907,Sx,2.204102643409386,0.01607065491652842,2.5,3.9628056733104815,2.140417760932352,2.26778752588642,False
haxs.stage5c2gR32.batch-statistics.v1,limit_spin_density_zero_rect2x3,rect2x3_hole_2,510,778566334,1.2409090909090907,Sy,-0.0388007824949704,0.04651599063935511,2.5,3.9628056733104815,-0.22313461410026408,0.14553304911032328,False
haxs.stage5c2gR32.batch-statistics.v1,limit_spin_density_zero_rect2x3,rect2x3_hole_2,510,778566334,1.2409090909090907,Sz,0.061523437496844316,0.035120792351503886,2.5,3.9628056733104815,-0.07765343768485465,0.20070031267854327,False
haxs.stage5c2gR32.batch-statistics.v1,limit_spin_density_zero_rect2x3,rect2x3_hole_2,510,778566334,1.2727272727272725,Sx,2.1941266561140647,0.016484776688049818,2.5,3.9628056733104815,2.1288006895314044,2.259452622696725,False
haxs.stage5c2gR32.batch-statistics.v1,limit_spin_density_zero_rect2x3,rect2x3_hole_2,510,778566334,1.2727272727272725,Sy,-0.04012174571559736,0.04685299900382028,2.5,3.9628056733104815,-0.22579107597954667,0.14554758454835198,False
haxs.stage5c2gR32.batch-statistics.v1,limit_spin_density_zero_rect2x3,rect2x3_hole_2,510,778566334,1.2727272727272725,Sz,0.061523437496858485,0.03512079235151784,2.5,3.9628056733104815,-0.07765343768489577,0.20070031267861274,False
haxs.stage5c2gR32.batch-statistics.v1,limit_spin_density_zero_rect2x3,rect2x3_hole_2,510,778566334,1.3045454545454545,Sx,2.1840547733940925,0.016904360740060857,2.5,3.9628056733104815,2.1170660767496923,2.2510434700384927,False
haxs.stage5c2gR32.batch-statistics.v1,limit_spin_density_zero_rect2x3,rect2x3_hole_2,510,778566334,1.3045454545454545,Sy,-0.04143682070408946,0.04718587017867976,2.5,3.9628056733104815,-0.2284252547482535,0.14555161334007458,False
haxs.stage5c2gR32.batch-statistics.v1,limit_spin_density_zero_rect2x3,rect2x3_hole_2,510,778566334,1.3045454545454545,Sz,0.06152343749689863,0.035120792351531746,2.5,3.9628056733104815,-0.07765343768491076,0.200700312678708,False
haxs.stage5c2gR32.batch-statistics.v1,limit_spin_density_zero_rect2x3,rect2x3_hole_2,510,778566334,1.3363636363636362,Sx,2.1738721511243693,0.01732939161514266,2.5,3.9628056733104815,2.105199139716863,2.2425451625318757,False
haxs.stage5c2gR32.batch-statistics.v1,limit_spin_density_zero_rect2x3,rect2x3_hole_2,510,778566334,1.3363636363636362,Sy,-0.04274482846496505,0.04751422232056922,2.5,3.9628056733104815,-0.23103445823985228,0.14554480130992217,False
haxs.stage5c2gR32.batch-statistics.v1,limit_spin_density_zero_rect2x3,rect2x3_hole_2,510,778566334,1.3363636363636362,Sz,0.06152343749696425,0.035120792351545076,2.5,3.9628056733104815,-0.07765343768489795,0.20070031267882643,False
haxs.stage5c2gR32.batch-statistics.v1,limit_spin_density_zero_rect2x3,rect2x3_hole_2,510,778566334,1.368181818181818,Sx,2.1635638797835566,0.01775978434763736,2.5,3.9628056733104815,2.0931853056139684,2.2339424539531447,False
haxs.stage5c2gR32.batch-statistics.v1,limit_spin_density_zero_rect2x3,rect2x3_hole_2,510,778566334,1.368181818181818,Sy,-0.044044844191124685,0.04783769011750759,2.5,3.9628056733104815,-0.2336163139868525,0.14552662560460317,False
haxs.stage5c2gR32.batch-statistics.v1,limit_spin_density_zero_rect2x3,rect2x3_hole_2,510,778566334,1.368181818181818,Sz,0.06152343749705418,0.03512079235155759,2.5,3.9628056733104815,-0.0776534376848576,0.200700312678966,False
haxs.stage5c2gR32.batch-statistics.v1,limit_spin_density_zero_rect2x3,rect2x3_hole_2,510,778566334,1.4,Sx,2.1531152640090574,0.0181953838675481,2.5,3.9628056733104815,2.081010493590676,2.225220034427439,False
haxs.stage5c2gR32.batch-statistics.v1,limit_spin_density_zero_rect2x3,rect2x3_hole_2,510,778566334,1.4,Sy,-0.04533620025987348,0.0481559295502003,2.5,3.9628056733104815,-0.2361687910849471,0.14549639056520014,False
haxs.stage5c2gR32.batch-statistics.v1,limit_spin_density_zero_rect2x3,rect2x3_hole_2,510,778566334,1.4,Sz,0.06152343749716614,0.035120792351568945,2.5,3.9628056733104815,-0.07765343768479065,0.20070031267912292,False
haxs.stage5c2gR32.batch-statistics.v1,limit_spin_density_zero_rect2x3,rect2x3_hole_2,511,2114907694,0.0,Sx,2.5,0.0,2.5,3.9628056733104815,2.5,2.5,False
haxs.stage5c2gR32.batch-statistics.v1,limit_spin_density_zero_rect2x3,rect2x3_hole_2,511,2114907694,0.0,Sy,0.060546875,0.03482219465224108,2.5,3.9628056733104815,-0.07744671552502286,0.19854046552502286,False
haxs.stage5c2gR32.batch-statistics.v1,limit_spin_density_zero_rect2x3,rect2x3_hole_2,511,2114907694,0.0,Sz,0.0166015625,0.03578844190408888,2.5,3.9628056733104815,-0.12522107811646596,0.15842420311646596,False
haxs.stage5c2gR32.batch-statistics.v1,limit_spin_density_zero_rect2x3,rect2x3_hole_2,511,2114907694,0.031818181818181815,Sx,2.4992277371277756,0.0004894414226223942,2.5,3.9628056733104815,2.4972881758814545,2.5011672983740967,False
haxs.stage5c2gR32.batch-statistics.v1,limit_spin_density_zero_rect2x3,rect2x3_hole_2,511,2114907694,0.031818181818181815,Sy,0.06013238894814166,0.03485506848562639,2.5,3.9628056733104815,-0.07799147419032398,0.1982562520866073,False
haxs.stage5c2gR32.batch-statistics.v1,limit_spin_density_zero_rect2x3,rect2x3_hole_2,511,2114907694,0.031818181818181815,Sz,0.016601562499970378,0.03578844190409346,2.5,3.9628056733104815,-0.12522107811651373,0.1584242031164545,False
haxs.stage5c2gR32.batch-statistics.v1,limit_spin_density_zero_rect2x3,rect2x3_hole_2,511,2114907694,0.06363636363636363,Sx,2.4979039773380833,0.0009774031319571782,2.5,3.9628056733104815,2.494030718661652,2.5017772360145147,False
haxs.stage5c2gR32.batch-statistics.v1,limit_spin_density_zero_rect2x3,rect2x3_hole_2,511,2114907694,0.06363636363636363,Sy,0.059734906672288667,0.03490911004342293,2.5,3.9628056733104815,-0.07860311265800762,0.19807292600258497,False
haxs.stage5c2gR32.batch-statistics.v1,limit_spin_density_zero_rect2x3,rect2x3_hole_2,511,2114907694,0.06363636363636363,Sz,0.016601562499939996,0.03578844190410287,2.5,3.9628056733104815,-0.12522107811658145,0.15842420311646144,False
haxs.stage5c2gR32.batch-statistics.v1,limit_spin_density_zero_rect2x3,rect2x3_hole_2,511,2114907694,0.09545454545454544,Sx,2.496035701323389,0.001462913821950252,2.5,3.9628056733104815,2.4902384581302,2.501832944516578,False
haxs.stage5c2gR32.batch-statistics.v1,limit_spin_density_zero_rect2x3,rect2x3_hole_2,511,2114907694,0.09545454545454544,Sy,0.05935065022714813,0.03498417297692767,2.5,3.9628056733104815,-0.07928482892189609,0.19798612937619237,False
haxs.stage5c2gR32.batch-statistics.v1,limit_spin_density_zero_rect2x3,rect2x3_hole_2,511,2114907694,0.09545454545454544,Sz,0.016601562499907276,0.035788441904116834,2.5,3.9628056733104815,-0.1252210781166695,0.15842420311648403,False
haxs.stage5c2gR32.batch-statistics.v1,limit_spin_density_zero_rect2x3,rect2x3_hole_2,511,2114907694,0.12727272727272726,Sx,2.4936323870673296,0.001945032726202424,2.5,3.9628056733104815,2.48592460034516,2.501340173789499,False
haxs.stage5c2gR32.batch-statistics.v1,limit_spin_density_zero_rect2x3,rect2x3_hole_2,511,2114907694,0.12727272727272726,Sy,0.058975449534240346,0.035080013576414944,2.5,3.9628056733104815,-0.08003982728618551,0.1979907263546662,False
haxs.stage5c2gR32.batch-statistics.v1,limit_spin_density_zero_rect2x3,rect2x3_hole_2,511,2114907694,0.12727272727272726,Sz,0.01660156249987103,0.03578844190413502,2.5,3.9628056733104815,-0.12522107811677782,0.15842420311651986,False
haxs.stage5c2gR32.batch-statistics.v1,limit_spin_density_zero_rect2x3,rect2x3_hole_2,511,2114907694,0.15909090909090906,Sx,2.4907059069868818,0.002422863832172355,2.5,3.9628056733104815,2.4811045684470905,2.500307245526673,False
haxs.stage5c2gR32.batch-statistics.v1,limit_spin_density_zero_rect2x3,rect2x3_hole_2,511,2114907694,0.15909090909090906,Sy,0.058604800483774956,0.03519629196822983,2.5,3.9628056733104815,-0.08087126500741834,0.19808086597496824,False
haxs.stage5c2gR32.batch-statistics.v1,limit_spin_density_zero_rect2x3,rect2x3_hole_2,511,2114907694,0.15909090909090906,Sz,0.016601562499830674,0.035788441904156865,2.5,3.9628056733104815,-0.12522107811690472,0.15842420311656605,False
haxs.stage5c2gR32.batch-statistics.v1,limit_spin_density_zero_rect2x3,rect2x3_hole_2,511,2114907694,0.1909090909090909,Sx,2.487270404107726,0.002895570937003286,2.5,3.9628056733104815,2.4757958191710965,2.4987449890443556,False
haxs.stage5c2gR32.batch-statistics.v1,limit_spin_density_zero_rect2x3,rect2x3_hole_2,511,2114907694,0.1909090909090909,Sy,0.058233930411005476,0.03533257443570993,2.5,3.9628056733104815,-0.08178219601549072,0.19825005683750166,False
haxs.stage5c2gR32.batch-statistics.v1,limit_spin_density_zero_rect2x3,rect2x3_hole_2,511,2114907694,0.1909090909090909,Sz,0.016601562499785647,0.03578844190418184,2.5,3.9628056733104815,-0.12522107811704872,0.15842420311662,False
haxs.stage5c2gR32.batch-statistics.v1,limit_spin_density_zero_rect2x3,rect2x3_hole_2,511,2114907694,0.22272727272727272,Sx,2.4833421489608063,0.0033623932931058447,2.5,3.9628056733104815,2.4700176377429854,2.496666660178627,False
haxs.stage5c2gR32.batch-statistics.v1,limit_spin_density_zero_rect2x3,rect2x3_hole_2,511,2114907694,0.22272727272727272,Sy,0.057857870698907396,0.03548833695747058,2.5,3.9628056733104815,-0.08277551233251103,0.19849125373032583,False
haxs.stage5c2gR32.batch-statistics.v1,limit_spin_density_zero_rect2x3,rect2x3_hole_2,511,2114907694,0.22272727272727272,Sz,0.01660156249973595,0.03578844190420924,2.5,3.9628056733104815,-0.12522107811720698,0.1584242031166789,False
haxs.stage5c2gR32.batch-statistics.v1,limit_spin_density_zero_rect2x3,rect2x3_hole_2,511,2114907694,0.2545454545454545,Sx,2.478939378537301,0.0038226613120347225,2.5,3.9628056733104815,2.4637909146028254,2.4940878424717767,False
haxs.stage5c2gR32.batch-statistics.v1,limit_spin_density_zero_rect2x3,rect2x3_hole_2,511,2114907694,0.2545454545454545,Sy,0.057471536072957956,0.03566297002815113,2.5,3.9628056733104815,-0.08385388388170101,0.19879695602761693,False
haxs.stage5c2gR32.batch-statistics.v1,limit_spin_density_zero_rect2x3,rect2x3_hole_2,511,2114907694,0.2545454545454545,Sz,0.016601562499682244,0.03578844190423832,2.5,3.9628056733104815,-0.12522107811737593,0.15842420311674044,False
haxs.stage5c2gR32.batch-statistics.v1,limit_spin_density_zero_rect2x3,rect2x3_hole_2,511,2114907694,0.2863636363636363,Sx,2.474082118109321,0.004275811553340673,2.5,3.9628056733104815,2.457137907827736,2.491026328390906,False
haxs.stage5c2gR32.batch-statistics.v1,limit_spin_density_zero_rect2x3,rect2x3_hole_2,511,2114907694,0.2863636363636363,Sy,0.05706980991066372,0.035855784773611815,2.5,3.9628056733104815,-0.08501969741120477,0.1991593172325322,False
haxs.stage5c2gR32.batch-statistics.v1,limit_spin_density_zero_rect2x3,rect2x3_hole_2,511,2114907694,0.2863636363636363,Sz,0.01660156249962518,0.035788441904268435,2.5,3.9628056733104815,-0.12522107811755234,0.15842420311680272,False
haxs.stage5c2gR32.batch-statistics.v1,limit_spin_density_zero_rect2x3,rect2x3_hole_2,511,2114907694,0.3181818181818181,Sx,2.4687919861251437,0.004721400060134912,2.5,3.9628056733104815,2.4500819951808728,2.4875019770694147,False
haxs.stage5c2gR32.batch-statistics.v1,limit_spin_density_zero_rect2x3,rect2x3_hole_2,511,2114907694,0.3181818181818181,Sy,0.05664763459621443,0.03606602029743957,2.5,3.9628056733104815,-0.0862749952522101,0.19957026444463893,False
haxs.stage5c2gR32.batch-statistics.v1,limit_spin_density_zero_rect2x3,rect2x3_hole_2,511,2114907694,0.3181818181818181,Sz,0.01660156249956662,0.03578844190429876,2.5,3.9628056733104815,-0.12522107811773106,0.1584242031168643,False
haxs.stage5c2gR32.batch-statistics.v1,limit_spin_density_zero_rect2x3,rect2x3_hole_2,511,2114907694,0.35,Sx,2.463091981856727,0.0051591130423041705,2.5,3.9628056733104815,2.4426474194234338,2.48353654429002,False
haxs.stage5c2gR32.batch-statistics.v1,limit_spin_density_zero_rect2x3,rect2x3_hole_2,511,2114907694,0.35,Sy,0.0562001056216325,0.03629285210531188,2.5,3.9628056733104815,-0.08762141460191566,0.20002162584518066,False
haxs.stage5c2gR32.batch-statistics.v1,limit_spin_density_zero_rect2x3,rect2x3_hole_2,511,2114907694,0.35,Sz,0.016601562499508112,0.03578844190432869,2.5,3.9628056733104815,-0.1252210781179082,0.15842420311692443,False
haxs.stage5c2gR32.batch-statistics.v1,limit_spin_density_zero_rect2x3,rect2x3_hole_2,511,2114907694,0.3818181818181818,Sx,2.4570062551604366,0.005588773965125123,2.5,3.9628056733104815,2.434859029984589,2.4791534803362842,False
haxs.stage5c2gR32.batch-statistics.v1,limit_spin_density_zero_rect2x3,rect2x3_hole_2,511,2114907694,0.3818181818181818,Sy,0.05572256778758138,0.03653540135921012,2.5,3.9628056733104815,-0.08906012799537197,0.20050526357053475,False
haxs.stage5c2gR32.batch-statistics.v1,limit_spin_density_zero_rect2x3,rect2x3_hole_2,511,2114907694,0.3818181818181818,Sz,0.01660156249945198,0.035788441904357586,2.5,3.9628056733104815,-0.1252210781180788,0.1584242031169828,False
haxs.stage5c2gR32.batch-statistics.v1,limit_spin_density_zero_rect2x3,rect2x3_hole_2,511,2114907694,0.4136363636363636,Sx,2.4505598577380927,0.006010346275562801,2.5,3.9628056733104815,2.426742023418732,2.4743776920574536,False
haxs.stage5c2gR32.batch-statistics.v1,limit_spin_density_zero_rect2x3,rect2x3_hole_2,511,2114907694,0.4136363636363636,Sy,0.05521071151272129,0.036792744628724734,2.5,3.9628056733104815,-0.09059178563865282,0.2010132086640954,False
haxs.stage5c2gR32.batch-statistics.v1,limit_spin_density_zero_rect2x3,rect2x3_hole_2,511,2114907694,0.4136363636363636,Sz,0.016601562499401007,0.035788441904384884,2.5,3.9628056733104815,-0.125221078118238,0.15842420311704,False
haxs.stage5c2gR32.batch-statistics.v1,limit_spin_density_zero_rect2x3,rect2x3_hole_2,511,2114907694,0.44545454545454544,Sx,2.4437784757442844,0.006423931279064127,2.5,3.9628056733104815,2.4183216844266524,2.4692352670619164,False
haxs.stage5c2gR32.batch-statistics.v1,limit_spin_density_zero_rect2x3,rect2x3_hole_2,511,2114907694,0.44545454545454544,Sy,0.05466066694866759,0.03706392374714631,2.5,3.9628056733104815,-0.09221646035167089,0.20153779424900606,False
haxs.stage5c2gR32.batch-statistics.v1,limit_spin_density_zero_rect2x3,rect2x3_hole_2,511,2114907694,0.44545454545454544,Sz,0.01660156249935768,0.03578844190441013,2.5,3.9628056733104815,-0.12522107811838135,0.1584242031170967,False
haxs.stage5c2gR32.batch-statistics.v1,limit_spin_density_zero_rect2x3,rect2x3_hole_2,511,2114907694,0.47727272727272724,Sx,2.4366881445122988,0.0068297610440318035,2.5,3.9628056733104815,2.409623128699655,2.4637531603249427,False
haxs.stage5c2gR32.batch-statistics.v1,limit_spin_density_zero_rect2x3,rect2x3_hole_2,511,2114907694,0.47727272727272724,Sy,0.05406909335035735,0.0373479553598693,2.5,3.9628056733104815,-0.09393359603627933,0.20207178273699405,False
haxs.stage5c2gR32.batch-statistics.v1,limit_spin_density_zero_rect2x3,rect2x3_hole_2,511,2114907694,0.47727272727272724,Sz,0.01660156249932497,0.035788441904432866,2.5,3.9628056733104815,-0.12522107811850414,0.1584242031171541,False
haxs.stage5c2gR32.batch-statistics.v1,limit_spin_density_zero_rect2x3,rect2x3_hole_2,511,2114907694,0.509090909090909,Sx,2.42931494752922,0.007228186627680259,2.5,3.9628056733104815,2.400671048553302,2.4579588465051385,False
haxs.stage5c2gR32.batch-statistics.v1,limit_spin_density_zero_rect2x3,rect2x3_hole_2,511,2114907694,0.509090909090909,Sy,0.05343326100149407,0.03764383978178813,2.5,3.9628056733104815,-0.09574196085096676,0.20260848285395489,False
haxs.stage5c2gR32.batch-statistics.v1,limit_spin_density_zero_rect2x3,rect2x3_hole_2,511,2114907694,0.509090909090909,Sz,0.016601562499305635,0.035788441904452815,2.5,3.9628056733104815,-0.12522107811860256,0.15842420311721384,False
haxs.stage5c2gR32.batch-statistics.v1,limit_spin_density_zero_rect2x3,rect2x3_hole_2,511,2114907694,0.5409090909090909,Sx,2.421684703476207,0.007619662344939417,2.5,3.9628056733104815,2.391489462306971,2.451879944645443,False
haxs.stage5c2gR32.batch-statistics.v1,limit_spin_density_zero_rect2x3,rect2x3_hole_2,511,2114907694,0.5409090909090909,Sy,0.052751122969765446,0.037950568861658006,2.5,3.9628056733104815,-0.097639606620573,0.2031418525601039,False
haxs.stage5c2gR32.batch-statistics.v1,limit_spin_density_zero_rect2x3,rect2x3_hole_2,511,2114907694,0.5409090909090909,Sz,0.01660156249930181,0.03578844190446968,2.5,3.9628056733104815,-0.1252210781186732,0.1584242031172768,False
haxs.stage5c2gR32.batch-statistics.v1,limit_spin_density_zero_rect2x3,rect2x3_hole_2,511,2114907694,0.5727272727272726,Sx,2.4138226469888,0.008004727193169211,2.5,3.9628056733104815,2.3821014686544064,2.4455438253231936,False
haxs.stage5c2gR32.batch-statistics.v1,limit_spin_density_zero_rect2x3,rect2x3_hole_2,511,2114907694,0.5727272727272726,Sy,0.05202137408465796,0.038267132678528035,2.5,3.9628056733104815,-0.09962383639513786,0.20366658456445377,False
haxs.stage5c2gR32.batch-statistics.v1,limit_spin_density_zero_rect2x3,rect2x3_hole_2,511,2114907694,0.5727272727272726,Sz,0.01660156249931551,0.03578844190448328,2.5,3.9628056733104815,-0.12522107811871339,0.15842420311734443,False
haxs.stage5c2gR32.batch-statistics.v1,limit_spin_density_zero_rect2x3,rect2x3_hole_2,511,2114907694,0.6045454545454545,Sx,2.405753110560665,0.008383984847241403,2.5,3.9628056733104815,2.3725290078430676,2.438977213278262,False
haxs.stage5c2gR32.batch-statistics.v1,limit_spin_density_zero_rect2x3,rect2x3_hole_2,511,2114907694,0.6045454545454545,Sy,0.051243494794817795,0.03859252505243462,2.5,3.9628056733104815,-0.101691182430347,0.2041781720199826,False
haxs.stage5c2gR32.batch-statistics.v1,limit_spin_density_zero_rect2x3,rect2x3_hole_2,511,2114907694,0.6045454545454545,Sz,0.016601562499348327,0.03578844190449354,2.5,3.9628056733104815,-0.12522107811872124,0.1584242031174179,False
haxs.stage5c2gR32.batch-statistics.v1,limit_spin_density_zero_rect2x3,rect2x3_hole_2,511,2114907694,0.6363636363636362,Sx,2.397499216463105,0.008758083801906544,2.5,3.9628056733104815,2.362792632285581,2.432205800640629,False
haxs.stage5c2gR32.batch-statistics.v1,limit_spin_density_zero_rect2x3,rect2x3_hole_2,511,2114907694,0.6363636363636362,Sy,0.05041777795699534,0.03892574801477368,2.5,3.9628056733104815,-0.10383739711380399,0.20467295302779467,False
haxs.stage5c2gR32.batch-statistics.v1,limit_spin_density_zero_rect2x3,rect2x3_hole_2,511,2114907694,0.6363636363636362,Sz,0.01660156249940018,0.03578844190450048,2.5,3.9628056733104815,-0.1252210781186969,0.15842420311749725,False
haxs.stage5c2gR32.batch-statistics.v1,limit_spin_density_zero_rect2x3,rect2x3_hole_2,511,2114907694,0.6681818181818181,Sx,2.389082588439624,0.009127699222513158,2.5,3.9628056733104815,2.352911290176377,2.425253886702871,False
haxs.stage5c2gR32.batch-statistics.v1,limit_spin_density_zero_rect2x3,rect2x3_hole_2,511,2114907694,0.6681818181818181,Sy,0.04954533710256323,0.03926581552516425,2.5,3.9628056733104815,-0.10605745942772044,0.2051481336328469,False
haxs.stage5c2gR32.batch-statistics.v1,limit_spin_density_zero_rect2x3,rect2x3_hole_2,511,2114907694,0.6681818181818181,Sz,0.01660156249947175,0.035788441904504135,2.5,3.9628056733104815,-0.1252210781186398,0.15842420311758332,False
haxs.stage5c2gR32.batch-statistics.v1,limit_spin_density_zero_rect2x3,rect2x3_hole_2,511,2114907694,0.7,Sx,2.3805230930663472,0.009493517853537317,2.5,3.9628056733104815,2.3429021266566754,2.418144059476019,False
haxs.stage5c2gR32.batch-statistics.v1,limit_spin_density_zero_rect2x3,rect2x3_hole_2,511,2114907694,0.7,Sy,0.048628095276237765,0.03961175681438046,2.5,3.9628056733104815,-0.10834559935758423,0.20560178991005976,False
haxs.stage5c2gR32.batch-statistics.v1,limit_spin_density_zero_rect2x3,rect2x3_hole_2,511,2114907694,0.7,Sz,0.0166015624995612,0.03578844190450476,2.5,3.9628056733104815,-0.12522107811855282,0.15842420311767524,False
haxs.stage5c2gR32.batch-statistics.v1,limit_spin_density_zero_rect2x3,rect2x3_hole_2,511,2114907694,0.7318181818181817,Sx,2.3718386199331403,0.009856226938647444,2.5,3.9628056733104815,2.3327803079032328,2.4108969319630478,False
haxs.stage5c2gR32.batch-statistics.v1,limit_spin_density_zero_rect2x3,rect2x3_hole_2,511,2114907694,0.7318181818181817,Sy,0.047668754097504956,0.03996261975727035,2.5,3.9628056733104815,-0.11069534219695551,0.20603285039196542,False
haxs.stage5c2gR32.batch-statistics.v1,limit_spin_density_zero_rect2x3,rect2x3_hole_2,511,2114907694,0.7318181818181817,Sz,0.016601562499667103,0.03578844190450256,2.5,3.9628056733104815,-0.12522107811843822,0.15842420311777242,False
haxs.stage5c2gR32.batch-statistics.v1,limit_spin_density_zero_rect2x3,rect2x3_hole_2,511,2114907694,0.7636363636363636,Sx,2.3630449081980687,0.010216507570022335,2.5,3.9628056733104815,2.322558874038165,2.4035309423579725,False
haxs.stage5c2gR32.batch-statistics.v1,limit_spin_density_zero_rect2x3,rect2x3_hole_2,511,2114907694,0.7636363636363636,Sy,0.04667074321818956,0.040317474627652554,2.5,3.9628056733104815,-0.11309957396982337,0.2064410604062025,False
haxs.stage5c2gR32.batch-statistics.v1,limit_spin_density_zero_rect2x3,rect2x3_hole_2,511,2114907694,0.7636363636363636,Sz,0.016601562499786567,0.035788441904497925,2.5,3.9628056733104815,-0.12522107811830038,0.1584242031178735,False
haxs.stage5c2gR32.batch-statistics.v1,limit_spin_density_zero_rect2x3,rect2x3_hole_2,511,2114907694,0.7954545454545454,Sx,2.354155424722519,0.010575032280602208,2.5,3.9628056733104815,2.312248626805507,2.396062222639531,False
haxs.stage5c2gR32.batch-statistics.v1,limit_spin_density_zero_rect2x3,rect2x3_hole_2,511,2114907694,0.7954545454545454,Sy,0.045638150816600304,0.04067541846575257,2.5,3.9628056733104815,-0.11555062824376192,0.20682692987696252,False
haxs.stage5c2gR32.batch-statistics.v1,limit_spin_density_zero_rect2x3,rect2x3_hole_2,511,2114907694,0.7954545454545454,Sz,0.016601562499916265,0.03578844190449132,2.5,3.9628056733104815,-0.1252210781181445,0.15842420311797703,False
haxs.stage5c2gR32.batch-statistics.v1,limit_spin_density_zero_rect2x3,rect2x3_hole_2,511,2114907694,0.8272727272727272,Sx,2.345181296141998,0.010932466110666282,2.5,3.9628056733104815,2.3018580574153753,2.388504534868621,False
haxs.stage5c2gR32.batch-statistics.v1,limit_spin_density_zero_rect2x3,rect2x3_hole_2,511,2114907694,0.8272727272727272,Sy,0.044575636179927346,0.04103558011876097,2.5,3.9628056733104815,-0.1180403935222854,0.2071916658821401,False
haxs.stage5c2gR32.batch-statistics.v1,limit_spin_density_zero_rect2x3,rect2x3_hole_2,511,2114907694,0.8272727272727272,Sz,0.01660156250005243,0.03578844190448317,2.5,3.9628056733104815,-0.12522107811797606,0.15842420311808092,False
haxs.stage5c2gR32.batch-statistics.v1,limit_spin_density_zero_rect2x3,rect2x3_hole_2,511,2114907694,0.859090909090909,Sx,2.336131294186967,0.011289469910958196,2.5,3.9628056733104815,2.291393318775154,2.3808692695987803,False
haxs.stage5c2gR32.batch-statistics.v1,limit_spin_density_zero_rect2x3,rect2x3_hole_2,511,2114907694,0.859090909090909,Sy,0.043488325805544466,0.04139712582791859,2.5,3.9628056733104815,-0.1205604392840792,0.2075370908951681,False
haxs.stage5c2gR32.batch-statistics.v1,limit_spin_density_zero_rect2x3,rect2x3_hole_2,511,2114907694,0.859090909090909,Sz,0.016601562500191066,0.035788441904474104,2.5,3.9628056733104815,-0.12522107811780148,0.15842420311818362,False
haxs.stage5c2gR32.batch-statistics.v1,limit_spin_density_zero_rect2x3,rect2x3_hole_2,511,2114907694,0.8909090909090909,Sx,2.3270118706930933,0.011646704363919595,2.5,3.9628056733104815,2.280858244564383,2.373165496821804,False
haxs.stage5c2gR32.batch-statistics.v1,limit_spin_density_zero_rect2x3,rect2x3_hole_2,511,2114907694,0.8909090909090909,Sy,0.04238169483865498,0.041759265066711744,2.5,3.9628056733104815,-0.12310215768098653,0.2078655473582965,False
haxs.stage5c2gR32.batch-statistics.v1,limit_spin_density_zero_rect2x3,rect2x3_hole_2,511,2114907694,0.8909090909090909,Sz,0.016601562500327984,0.03578844190446466,2.5,3.9628056733104815,-0.12522107811762714,0.15842420311828312,False
haxs.stage5c2gR32.batch-statistics.v1,limit_spin_density_zero_rect2x3,rect2x3_hole_2,511,2114907694,0.9227272727272726,Sx,2.31782723635956,0.012004833156793956,2.5,3.9628056733104815,2.270254415418671,2.3654000573004486,False
haxs.stage5c2gR32.batch-statistics.v1,limit_spin_density_zero_rect2x3,rect2x3_hole_2,511,2114907694,0.9227272727272726,Sy,0.04126143610258416,0.04212125621654292,2.5,3.9628056733104815,-0.1256569169992965,0.20817978920446484,False
haxs.stage5c2gR32.batch-statistics.v1,limit_spin_density_zero_rect2x3,rect2x3_hole_2,511,2114907694,0.9227272727272726,Sz,0.01660156250045947,0.03578844190445539,2.5,3.9628056733104815,-0.12522107811745892,0.15842420311837785,False
haxs.stage5c2gR32.batch-statistics.v1,limit_spin_density_zero_rect2x3,rect2x3_hole_2,511,2114907694,0.9545454545454545,Sx,2.3085794756833833,0.01236452392970931,2.5,3.9628056733104815,2.259581270106948,2.3575776812598184,False
haxs.stage5c2gR32.batch-statistics.v1,limit_spin_density_zero_rect2x3,rect2x3_hole_2,511,2114907694,0.9545454545454545,Sy,0.04013331950208663,0.0424824116208362,2.5,3.9628056733104815,-0.1282162222848742,0.20848286128904744,False
haxs.stage5c2gR32.batch-statistics.v1,limit_spin_density_zero_rect2x3,rect2x3_hole_2,511,2114907694,0.9545454545454545,Sz,0.01660156250058239,0.03578844190444688,2.5,3.9628056733104815,-0.1252210781173023,0.15842420311846708,False
haxs.stage5c2gR32.batch-statistics.v1,limit_spin_density_zero_rect2x3,rect2x3_hole_2,511,2114907694,0.9863636363636362,Sx,2.299268689751177,0.01272644601166659,2.5,3.9628056733104815,2.248836257295065,2.349701122207289,False
haxs.stage5c2gR32.batch-statistics.v1,limit_spin_density_zero_rect2x3,rect2x3_hole_2,511,2114907694,0.9863636363636362,Sy,0.03900304519677299,0.04284210159349193,2.5,3.9628056733104815,-0.13077187805446083,0.20877796844800683,False
haxs.stage5c2gR32.batch-statistics.v1,limit_spin_density_zero_rect2x3,rect2x3_hole_2,511,2114907694,0.9863636363636362,Sz,0.016601562500694153,0.035788441904439604,2.5,3.9628056733104815,-0.12522107811716165,0.15842420311855,False
haxs.stage5c2gR32.batch-statistics.v1,limit_spin_density_zero_rect2x3,rect2x3_hole_2,511,2114907694,1.018181818181818,Sx,2.2898931587092495,0.013091264477519425,2.5,3.9628056733104815,2.2380150215669277,2.3417712958515713,False
haxs.stage5c2gR32.batch-statistics.v1,limit_spin_density_zero_rect2x3,rect2x3_hole_2,511,2114907694,1.018181818181818,Sy,0.03787609462341117,0.043199757064558315,2.5,3.9628056733104815,-0.1333161477576551,0.2090683370044774,False
haxs.stage5c2gR32.batch-statistics.v1,limit_spin_density_zero_rect2x3,rect2x3_hole_2,511,2114907694,1.018181818181818,Sz,0.016601562500792998,0.03578844190443396,2.5,3.9628056733104815,-0.12522107811704047,0.15842420311862648,False
haxs.stage5c2gR32.batch-statistics.v1,limit_spin_density_zero_rect2x3,rect2x3_hole_2,511,2114907694,1.0499999999999998,Sx,2.280449516628831,0.013459630620148749,2.5,3.9628056733104815,2.2271116160466424,2.33378741721102,False
haxs.stage5c2gR32.batch-statistics.v1,limit_spin_density_zero_rect2x3,rect2x3_hole_2,511,2114907694,1.0499999999999998,Sy,0.03675758412737625,0.043554870702912724,2.5,3.9628056733104815,-0.13584190459443077,0.20935707284918328,False
haxs.stage5c2gR32.batch-statistics.v1,limit_spin_density_zero_rect2x3,rect2x3_hole_2,511,2114907694,1.0499999999999998,Sz,0.01660156250087868,0.03578844190443032,2.5,3.9628056733104815,-0.12522107811694036,0.15842420311869773,False
haxs.stage5c2gR32.batch-statistics.v1,limit_spin_density_zero_rect2x3,rect2x3_hole_2,511,2114907694,1.0818181818181818,Sx,2.270932932909543,0.013832169443229491,2.5,3.9628056733104815,2.2161187333657213,2.325747132453365,False
haxs.stage5c2gR32.batch-statistics.v1,limit_spin_density_zero_rect2x3,rect2x3_hole_2,511,2114907694,1.0818181818181818,Sy,0.035652126549400844,0.043906996532130364,2.5,3.9628056733104815,-0.138342768406149,0.20964702150495068,False
haxs.stage5c2gR32.batch-statistics.v1,limit_spin_density_zero_rect2x3,rect2x3_hole_2,511,2114907694,1.0818181818181818,Sz,0.01660156250095126,0.03578844190442895,2.5,3.9628056733104815,-0.12522107811686237,0.1584242031187649,False
haxs.stage5c2gR32.batch-statistics.v1,limit_spin_density_zero_rect2x3,rect2x3_hole_2,511,2114907694,1.1136363636363635,Sx,2.261337296044753,0.014209465166228709,2.5,3.9628056733104815,2.205027946869314,2.317646645220192,False
haxs.stage5c2gR32.batch-statistics.v1,limit_spin_density_zero_rect2x3,rect2x3_hole_2,511,2114907694,1.1136363636363635,Sy,0.03456370649250416,0.04425574821923592,2.5,3.9628056733104815,-0.14081322362728416,0.2099406366122925,False
haxs.stage5c2gR32.batch-statistics.v1,limit_spin_density_zero_rect2x3,rect2x3_hole_2,511,2114907694,1.1136363636363635,Sz,0.016601562501011916,0.03578844190442987,2.5,3.9628056733104815,-0.12522107811680536,0.15842420311882918,False
haxs.stage5c2gR32.batch-statistics.v1,limit_spin_density_zero_rect2x3,rect2x3_hole_2,511,2114907694,1.1454545454545453,Sx,2.251655397230866,0.01459204594849365,2.5,3.9628056733104815,2.193829954760968,2.309480839700764,False
haxs.stage5c2gR32.batch-statistics.v1,limit_spin_density_zero_rect2x3,rect2x3_hole_2,511,2114907694,1.1454545454545453,Sy,0.03349557505739039,0.044600796339197904,2.5,3.9628056733104815,-0.1432487137097484,0.2102398638245292,False
haxs.stage5c2gR32.batch-statistics.v1,limit_spin_density_zero_rect2x3,rect2x3_hole_2,511,2114907694,1.1454545454545453,Sz,0.016601562501062303,0.035788441904433074,2.5,3.9628056733104815,-0.12522107811676764,0.15842420311889227,False
haxs.stage5c2gR32.batch-statistics.v1,limit_spin_density_zero_rect2x3,rect2x3_hole_2,511,2114907694,1.1772727272727272,Sx,2.2418791127142947,0.014980369072453769,2.5,3.9628056733104815,2.18251482116569,2.3012434042628995,False
haxs.stage5c2gR32.batch-statistics.v1,limit_spin_density_zero_rect2x3,rect2x3_hole_2,511,2114907694,1.1772727272727272,Sy,0.03245016949817349,0.04494186498318349,2.5,3.9628056733104815,-0.1456457080263397,0.2105460470226867,False
haxs.stage5c2gR32.batch-statistics.v1,limit_spin_density_zero_rect2x3,rect2x3_hole_2,511,2114907694,1.1772727272727272,Sz,0.01660156250110466,0.035788441904438556,2.5,3.9628056733104815,-0.12522107811674701,0.15842420311895636,False
haxs.stage5c2gR32.batch-statistics.v1,limit_spin_density_zero_rect2x3,rect2x3_hole_2,511,2114907694,1.209090909090909,Sx,2.2319995847850507,0.015374807699139086,2.5,3.9628056733104815,2.1710722096088446,2.2929269599612567,False
haxs.stage5c2gR32.batch-statistics.v1,limit_spin_density_zero_rect2x3,rect2x3_hole_2,511,2114907694,1.209090909090909,Sy,0.031429062470412314,0.04527872808038545,2.5,3.9628056733104815,-0.14800173804682176,0.21085986298764642,False
haxs.stage5c2gR32.batch-statistics.v1,limit_spin_density_zero_rect2x3,rect2x3_hole_2,511,2114907694,1.209090909090909,Sz,0.01660156250114093,0.03578844190444609,2.5,3.9628056733104815,-0.12522107811674063,0.15842420311902247,False
haxs.stage5c2gR32.batch-statistics.v1,limit_spin_density_zero_rect2x3,rect2x3_hole_2,511,2114907694,1.2409090909090907,Sx,2.2220074018895586,0.015775640068704175,2.5,3.9628056733104815,2.1594916059251936,2.2845231978539235,False
haxs.stage5c2gR32.batch-statistics.v1,limit_spin_density_zero_rect2x3,rect2x3_hole_2,511,2114907694,1.2409090909090907,Sy,0.03043294432850981,0.04561120574821894,2.5,3.9628056733104815,-0.15031540057706383,0.21118128923408347,False
haxs.stage5c2gR32.batch-statistics.v1,limit_spin_density_zero_rect2x3,rect2x3_hole_2,511,2114907694,1.2409090909090907,Sz,0.016601562501173176,0.035788441904455334,2.5,3.9628056733104815,-0.125221078116745,0.15842420311909133,False
haxs.stage5c2gR32.batch-statistics.v1,limit_spin_density_zero_rect2x3,rect2x3_hole_2,511,2114907694,1.2727272727272725,Sx,2.2118927784717637,0.016183041721988048,2.5,3.9628056733104815,2.1477625289244493,2.276023028019078,False
haxs.stage5c2gR32.batch-statistics.v1,limit_spin_density_zero_rect2x3,rect2x3_hole_2,511,2114907694,1.2727272727272725,Sy,0.029461640342978126,0.045939160889616124,2.5,3.9628056733104815,-0.15258632705751562,0.21150960774347188,False
haxs.stage5c2gR32.batch-statistics.v1,limit_spin_density_zero_rect2x3,rect2x3_hole_2,511,2114907694,1.2727272727272725,Sz,0.016601562501203034,0.035788441904466076,2.5,3.9628056733104815,-0.1252210781167577,0.15842420311916378,False
haxs.stage5c2gR32.batch-statistics.v1,limit_spin_density_zero_rect2x3,rect2x3_hole_2,511,2114907694,1.3045454545454545,Sx,2.2016457349459837,0.01659708102167737,2.5,3.9628056733104815,2.1358747281128867,2.2674167417790807,False
haxs.stage5c2gR32.batch-statistics.v1,limit_spin_density_zero_rect2x3,rect2x3_hole_2,511,2114907694,1.3045454545454545,Sy,0.028514162863053326,0.04626249613983086,2.5,3.9628056733104815,-0.15481511930137265,0.21184344502747932,False
haxs.stage5c2gR32.batch-statistics.v1,limit_spin_density_zero_rect2x3,rect2x3_hole_2,511,2114907694,1.3045454545454545,Sz,0.016601562501231352,0.035788441904477865,2.5,3.9628056733104815,-0.1252210781167761,0.1584242031192388,False
haxs.stage5c2gR32.batch-statistics.v1,limit_spin_density_zero_rect2x3,rect2x3_hole_2,511,2114907694,1.3363636363636362,Sx,2.1912562777738613,0.017017717995942858,2.5,3.9628056733104815,2.123818368352741,2.2586941871949815,False
haxs.stage5c2gR32.batch-statistics.v1,limit_spin_density_zero_rect2x3,rect2x3_hole_2,511,2114907694,1.3363636363636362,Sy,0.02758879649681631,0.046581151150038,2.5,3.9628056733104815,-0.15700325354988734,0.21218084654351996,False
haxs.stage5c2gR32.batch-statistics.v1,limit_spin_density_zero_rect2x3,rect2x3_hole_2,511,2114907694,1.3363636363636362,Sz,0.016601562501258726,0.035788441904490306,2.5,3.9628056733104815,-0.12522107811679806,0.1584242031193155,False
haxs.stage5c2gR32.batch-statistics.v1,limit_spin_density_zero_rect2x3,rect2x3_hole_2,511,2114907694,1.368181818181818,Sx,2.1807145790779425,0.017444806337649908,2.5,3.9628056733104815,2.111584201553301,2.249844956602584,False
haxs.stage5c2gR32.batch-statistics.v1,limit_spin_density_zero_rect2x3,rect2x3_hole_2,511,2114907694,1.368181818181818,Sy,0.0266832124884333,0.04689510009933288,2.5,3.9628056733104815,-0.15915295623566594,0.21251938121253255,False
haxs.stage5c2gR32.batch-statistics.v1,limit_spin_density_zero_rect2x3,rect2x3_hole_2,511,2114907694,1.368181818181818,Sz,0.016601562501285125,0.03578844190450299,2.5,3.9628056733104815,-0.12522107811682193,0.15842420311939215,False
haxs.stage5c2gR32.batch-statistics.v1,limit_spin_density_zero_rect2x3,rect2x3_hole_2,511,2114907694,1.4,Sx,2.17001115467475,0.017878098273824996,2.5,3.9628056733104815,2.099163725407234,2.240858583942266,False
haxs.stage5c2gR32.batch-statistics.v1,limit_spin_density_zero_rect2x3,rect2x3_hole_2,511,2114907694,1.4,Sy,0.025794606807539273,0.04720434926302894,2.5,3.9628056733104815,-0.16126705625692125,0.21285626987199982,False
haxs.stage5c2gR32.batch-statistics.v1,limit_spin_density_zero_rect2x3,rect2x3_hole_2,511,2114907694,1.4,Sz,0.01660156250131019,0.035788441904515564,2.5,3.9628056733104815,-0.12522107811684666,0.15842420311946706,False
